746.0 69.0
304.0 17.0
3118.0 3.0
863.0 1.0
214.0 1.0
1180.0 2.0
3894.0 6.0
2055.0 2.0
1874.0 2.0
2847.0 32.0
3339.0 12.0
2593.0 11.0
3030.0 2.0
1533.0 5.0
1865.0 1.0
251.0 10.0
3310.0 1.0
3567.0 1.0
1423.0 34.0
1341.0 24.0
1102.0 74.0
3739.0 169.0
705.0 1.0
1169.0 16.0
3183.0 1.0
37.0 10.0
3775.0 7.0
3038.0 5.0
1063.0 6.0
136.0 325.0
1846.0 1.0
2756.0 11.0
2610.0 1.0
363.0 18.0
753.0 1.0
960.0 1.0
3134.0 1.0
2464.0 15.0
84.0 4.0
3474.0 1.0
645.0 3.0
1486.0 3.0
3637.0 72.0
2652.0 8.0
1932.0 12.0
1067.0 173.0
718.0 3.0
850.0 1.0
3137.0 11.0
1447.0 1.0
1563.0 52.0
2345.0 8.0
2509.0 1.0
2673.0 3.0
3906.0 1.0
298.0 9.0
668.0 193.0
484.0 2.0
2937.0 1.0
759.0 3.0
2773.0 492.0
3410.0 342.0
1879.0 91.0
2465.0 1.0
1168.0 5.0
1044.0 1.0
369.0 3.0
2830.0 39.0
3737.0 23.0
1076.0 13.0
3447.0 14.0
406.0 2.0
841.0 248.0
670.0 39.0
3154.0 1.0
811.0 1.0
3245.0 1.0
1817.0 1.0
649.0 211.0
3490.0 4.0
3862.0 28.0
1412.0 1.0
525.0 15.0
3816.0 157.0
3008.0 1.0
1002.0 59.0
3306.0 5.0
1899.0 1.0
754.0 1.0
220.0 2.0
681.0 126.0
1471.0 1.0
1904.0 1.0
3371.0 65.0
3449.0 9.0
1546.0 6.0
2129.0 14.0
385.0 171.0
722.0 13.0
77.0 20.0
2935.0 17.0
2678.0 15.0
1871.0 20.0
1596.0 3.0
3808.0 1.0
167.0 59.0
1068.0 3.0
3670.0 7.0
2086.0 1.0
876.0 1.0
3679.0 1.0
3092.0 10.0
1111.0 194.0
2963.0 7.0
961.0 35.0
2981.0 83.0
2824.0 2.0
3944.0 16.0
106.0 85.0
3470.0 25.0
3680.0 3.0
3625.0 4.0
2842.0 1.0
3880.0 7.0
844.0 36.0
2927.0 3.0
2523.0 13.0
1743.0 71.0
824.0 4.0
669.0 2.0
3077.0 1.0
116.0 25.0
1725.0 27.0
3223.0 53.0
3487.0 1.0
1780.0 71.0
2056.0 16.0
767.0 2.0
2238.0 5.0
3640.0 2.0
1657.0 27.0
2185.0 2.0
3149.0 16.0
3351.0 2.0
2754.0 3.0
3677.0 4.0
1406.0 1.0
124.0 54.0
2768.0 3.0
3415.0 77.0
2019.0 4.0
3875.0 1.0
3805.0 1.0
2740.0 4.0
2635.0 11.0
2813.0 31.0
2904.0 118.0
2066.0 2.0
3632.0 1.0
935.0 14.0
