1, 136, 5.5, 304, 5.5, 3410, 5.220534, 167, 5.035369, 1341, 5.0
2, 2773, 5.305657, 3637, 5.085073, 841, 5.015056, 3410, 4.9267855, 649, 4.8979216
3, 746, 5.5, 2773, 5.024938, 167, 5.016289, 2830, 4.8245597, 841, 4.8090796
4, 106, 7.0, 385, 6.0, 136, 5.8284273, 2773, 5.71967, 2593, 5.7071066
5, 681, 5.5, 3862, 4.3363323, 136, 4.3311844, 106, 4.323303, 649, 4.3114357
6, 2464, 5.2415724, 2773, 5.2302685, 77, 5.0, 3739, 4.9740667, 1067, 4.904479
7, 3410, 6.6898494, 649, 5.952539, 2773, 5.8527274, 1111, 5.8099294, 136, 5.7928934
8, 136, 5.6663027, 2635, 5.5, 2652, 5.5, 2773, 5.267383, 3371, 5.245717
9, 136, 5.029787, 3371, 5.0250044, 2523, 5.0, 2773, 4.93285, 167, 4.826103
10, 2773, 5.2712493, 3410, 5.2221847, 1111, 5.1208477, 3739, 5.1015425, 1067, 5.0684032
11, 2981, 5.0, 385, 4.939974, 649, 4.662535, 124, 4.64956, 167, 4.5995173
12, 2464, 5.5, 649, 5.3374276, 1067, 5.165695, 841, 5.0, 2740, 5.0
13, 841, 5.6715727, 2773, 5.61031, 746, 5.445903, 385, 5.388889, 3410, 5.3625765
14, 746, 7.0, 3339, 5.700803, 3415, 5.0449295, 3637, 4.8165827, 3737, 4.7125688
15, 2773, 4.740001, 2981, 4.7071066, 841, 4.665361, 3739, 4.5943727, 1111, 4.561048
16, 1533, 6.0, 136, 5.7819347, 3677, 5.698661, 3410, 5.591326, 298, 5.5
17, 136, 5.580106, 1780, 5.5, 681, 5.5, 2773, 5.360845, 1111, 5.298171
18, 1780, 6.5, 136, 5.507721, 1067, 5.4074135, 3410, 5.3983455, 2904, 5.2561784
19, 385, 5.1039267, 3410, 5.035165, 1111, 4.8788333, 1002, 4.779867, 668, 4.7786827
20, 2773, 6.0669656, 3637, 6.0, 136, 5.725499, 3410, 5.6923337, 363, 5.5128856
21, 116, 6.9497476, 3223, 6.5, 1076, 6.0, 3816, 6.0, 1533, 5.5
22, 3410, 4.6812787, 1063, 4.5, 1111, 4.4846253, 668, 4.4514155, 1879, 4.4048
23, 1102, 5.0, 385, 4.832738, 2773, 4.7203975, 136, 4.6838236, 1780, 4.575379
24, 841, 5.2889605, 3410, 5.1675496, 136, 5.0408807, 1067, 5.0048738, 3944, 5.0
25, 1102, 6.0, 2981, 5.7071066, 2830, 5.4950075, 2773, 5.484246, 3410, 5.4213133
26, 2773, 4.5882664, 681, 4.5, 1111, 4.4045334, 3739, 4.335765, 668, 4.247933
27, 385, 5.369398, 681, 5.299354, 3816, 5.205721, 37, 5.0, 1067, 4.9860525
28, 841, 4.8745914, 136, 4.778841, 2981, 4.65301, 1780, 4.636039, 1067, 4.5886393
29, 106, 5.7695527, 2773, 5.4916687, 3410, 5.4751105, 385, 5.0857863, 1879, 5.049226
30, 1341, 4.5, 746, 4.4393396, 385, 4.3930216, 3415, 4.2382035, 167, 4.219962
31, 385, 5.7928934, 2678, 5.5606604, 3410, 5.525891, 2768, 5.5, 2773, 5.465776
32, 136, 5.1601887, 2740, 5.0, 3637, 4.9309645, 3223, 4.5431385, 106, 4.5
33, 124, 4.577187, 136, 4.461286, 3410, 4.394709, 668, 4.372021, 3223, 4.369311
34, 1563, 5.3527384, 3410, 5.3015323, 136, 5.2678723, 3739, 5.266829, 668, 5.2427707
35, 3149, 5.0, 668, 4.688422, 2904, 4.668583, 841, 4.6464467, 3816, 4.5071597
36, 2773, 5.5969715, 3410, 5.451267, 1111, 5.310673, 385, 5.275263, 3739, 5.20617
37, 2773, 5.4820604, 722, 5.1429315, 1111, 5.100988, 1067, 5.043141, 3223, 4.9574366
38, 136, 5.630602, 1563, 5.472877, 3637, 5.4393396, 3739, 5.305521, 3306, 5.1213202
39, 841, 6.0, 116, 5.923862, 1932, 5.288748, 1067, 5.2795186, 649, 5.237847
40, 3410, 5.6167116, 136, 5.379033, 841, 5.256667, 1002, 5.0816817, 1111, 5.0284047
41, 136, 8.0, 850, 6.371772, 3415, 6.1233335, 2963, 6.0580707, 961, 6.0
42, 1102, 6.0, 3410, 5.3413725, 2773, 5.0607777, 1111, 4.9507375, 2927, 4.881074
43, 746, 5.5, 363, 5.4896836, 1743, 5.4248896, 2830, 5.4196157, 3470, 5.346933
44, 3410, 5.666792, 2773, 5.1501136, 1002, 5.088159, 649, 5.0276375, 1102, 5.0
45, 754, 4.5, 3739, 4.374128, 136, 4.2555847, 668, 4.243333, 670, 4.2154484
46, 961, 8.5, 3816, 7.5, 1044, 7.0, 2066, 6.713865, 767, 6.7071066
47, 1067, 5.2071066, 2904, 4.582648, 649, 4.531866, 84, 4.4333167, 2593, 4.3588347
48, 1102, 6.0, 3410, 4.8038497, 2773, 4.7430663, 1111, 4.507095, 2523, 4.5
49, 3410, 5.2270727, 2773, 5.219354, 1111, 5.0719438, 681, 5.0, 3415, 4.9868402
50, 106, 5.5, 136, 5.5, 2904, 5.0469184, 37, 5.0, 2773, 4.9996753
51, 2773, 5.8754115, 3637, 5.3713827, 167, 5.22227, 3737, 5.1094756, 3371, 5.0843396
52, 841, 5.7245636, 1111, 5.568795, 106, 5.5, 3637, 5.4898047, 1002, 5.4617476
53, 2773, 5.536241, 3739, 5.533752, 3410, 5.5253453, 668, 5.523257, 681, 5.5
54, 841, 5.1464467, 3137, 5.0, 1341, 5.0, 3490, 4.9044437, 668, 4.8541965
55, 1879, 5.4142137, 385, 5.3109818, 1871, 5.1464467, 37, 5.0, 2129, 4.999072
56, 841, 6.0, 1067, 5.1583643, 1932, 5.0022583, 3149, 5.0, 2981, 5.0
57, 1563, 4.6946235, 3410, 4.67588, 3415, 4.637895, 136, 4.6342483, 106, 4.630602
58, 681, 5.5, 2773, 5.373263, 3410, 5.2953453, 649, 5.2653475, 668, 5.2071958
59, 649, 4.279645, 1067, 4.2161155, 668, 4.1839595, 2904, 4.181448, 3739, 4.161915
60, 1102, 6.0, 2464, 6.0, 2824, 5.1907434, 824, 4.897119, 363, 4.8658323
61, 136, 7.0, 3223, 6.5, 116, 6.0, 2773, 5.9698257, 1067, 5.5
62, 649, 4.7177114, 2773, 4.6427264, 668, 4.6169205, 136, 4.609995, 3739, 4.5883512
63, 116, 5.6603227, 841, 5.2986746, 2981, 5.2928934, 3339, 5.2459426, 385, 5.1819806
64, 1067, 6.5, 1743, 6.1800847, 116, 6.002494, 1780, 5.9530816, 136, 5.762307
65, 2773, 5.974489, 136, 5.671438, 3410, 5.569498, 1111, 5.556772, 3415, 5.4931364
66, 3410, 6.1134806, 3415, 6.0156784, 2773, 5.986872, 385, 5.8605604, 3223, 5.7612867
67, 1067, 5.507616, 935, 5.206093, 3816, 5.113305, 668, 5.0906224, 3739, 5.0615163
68, 3862, 5.0130672, 385, 5.0, 1879, 4.992922, 649, 4.877864, 3816, 4.8564262
69, 136, 5.6158605, 3637, 5.56387, 1341, 5.5, 385, 5.2991037, 3739, 5.2717237
70, 116, 5.7943482, 1743, 5.173554, 1904, 5.0792828, 1169, 5.0744, 3223, 5.0728316
71, 1067, 6.5, 136, 6.184699, 2773, 5.901059, 1846, 5.1715727, 841, 5.1394396
72, 3415, 4.9617476, 3637, 4.7584677, 3371, 4.731982, 3739, 4.70706, 1068, 4.705481
73, 2904, 5.244751, 841, 5.211328, 136, 5.206705, 3415, 5.1192484, 3410, 5.086469
74, 681, 5.1213202, 3137, 5.0, 2904, 4.9551387, 1067, 4.946858, 3737, 4.9345307
75, 385, 6.369398, 1102, 6.0, 1563, 5.963754, 2773, 5.8215284, 1743, 5.7974324
76, 841, 5.6447983, 3371, 5.5013294, 136, 5.443468, 3637, 5.4242425, 2904, 5.340873
77, 116, 5.987746, 1743, 5.751174, 3862, 5.369398, 3223, 5.2276425, 2904, 5.184699
78, 1341, 5.5, 167, 5.2249455, 2904, 5.0834603, 722, 5.0796866, 841, 5.055456
79, 2773, 5.788621, 841, 5.554097, 2238, 5.401307, 1423, 5.232233, 844, 5.232233
80, 136, 5.8378077, 2773, 5.767832, 1111, 5.2811933, 1743, 5.2472053, 1423, 5.2280536
81, 1067, 5.37614, 681, 5.0642824, 3223, 5.0511847, 3008, 5.0126038, 3470, 4.98996
82, 136, 5.7536263, 2773, 5.6615415, 841, 5.627559, 1111, 5.2793865, 668, 5.2611375
83, 3415, 5.8472815, 2981, 5.2928934, 3816, 5.2265263, 2830, 5.21436, 1067, 5.180939
84, 1780, 6.5, 841, 5.5887494, 2773, 5.3895373, 1067, 5.309407, 1879, 5.235064
85, 106, 5.5, 136, 5.5, 3223, 5.3333335, 2773, 5.2599373, 1725, 5.0321107
86, 136, 8.0, 2773, 6.6092453, 746, 6.5, 385, 6.2071066, 1102, 6.0
87, 106, 7.0, 385, 6.5, 3410, 5.820094, 2773, 5.57679, 2813, 5.535534
88, 3944, 5.0, 3816, 4.9373302, 2981, 4.9234953, 2773, 4.859975, 1067, 4.835911
89, 844, 5.5, 1423, 5.5, 3371, 5.238796, 124, 5.184699, 3118, 5.023099
90, 681, 5.5, 106, 4.9294744, 3739, 4.86956, 668, 4.7287374, 1111, 4.7078447
91, 718, 6.0, 2981, 5.5, 3415, 5.471713, 1780, 5.464466, 3737, 5.4364834
92, 1067, 4.5639524, 2773, 4.3836455, 1111, 4.329401, 136, 4.3040485, 668, 4.3039145
93, 3410, 5.117265, 1002, 4.9414215, 1725, 4.9168897, 2773, 4.9087377, 1111, 4.9067135
94, 3410, 6.730248, 2678, 6.0, 484, 6.0, 3223, 5.976859, 251, 5.5
95, 841, 6.5, 106, 5.5, 2523, 5.0, 136, 4.9556513, 649, 4.850011
96, 841, 4.620596, 1111, 4.4142413, 2773, 4.3885436, 649, 4.344308, 3470, 4.33121
97, 385, 5.391349, 3816, 5.3183255, 668, 5.1401, 649, 5.1017814, 2773, 5.0673556
98, 2813, 7.0, 1067, 5.5, 2773, 5.40939, 746, 5.2928934, 2830, 5.1199102
99, 841, 5.1362557, 136, 4.9305344, 2773, 4.6423736, 2847, 4.5184026, 1063, 4.5
100, 2773, 4.68314, 649, 4.577574, 1111, 4.5577226, 3410, 4.504773, 2464, 4.4393396
101, 2773, 6.562955, 3410, 6.475956, 385, 6.3867297, 1111, 6.1948795, 136, 6.077952
102, 2635, 5.5, 2652, 5.5, 681, 5.2852626, 2981, 4.676777, 106, 4.5469184
103, 3410, 6.690901, 2773, 6.5216384, 77, 5.962586, 1111, 5.803426, 385, 5.7071066
104, 1067, 7.0, 841, 6.0, 3449, 5.430058, 961, 5.184699, 116, 5.0825677
105, 3410, 5.8428144, 668, 5.5884776, 1067, 5.564972, 106, 5.535534, 2813, 5.535534
106, 1168, 5.5, 124, 5.1464467, 824, 5.1400204, 3092, 5.061424, 251, 5.0
107, 136, 4.8841677, 2773, 4.6669497, 1067, 4.6524744, 649, 4.6147895, 3223, 4.5999756
108, 3415, 5.0, 2830, 4.979675, 116, 4.8647704, 3410, 4.8183465, 844, 4.7928934
109, 1780, 5.5, 3410, 5.1064243, 2773, 5.0341573, 1563, 4.9857507, 525, 4.9641137
110, 1067, 5.5, 649, 5.239026, 136, 5.2338557, 2904, 5.1265903, 363, 5.0681314
111, 136, 5.2437162, 2904, 5.196316, 746, 5.036206, 3739, 5.0122538, 2981, 5.0
112, 385, 7.5, 2773, 7.0, 3410, 6.095636, 1879, 5.791014, 3223, 5.5029435
113, 2773, 6.226195, 3410, 5.7651567, 167, 5.529523, 3862, 5.5, 1725, 5.4685526
114, 385, 5.464466, 746, 5.1213202, 3410, 4.854183, 167, 4.8425145, 3816, 4.7704463
115, 136, 6.5, 2773, 6.063885, 670, 5.836616, 668, 5.7676725, 3092, 5.7647953
116, 961, 5.9096746, 1067, 5.6050444, 1111, 5.17836, 3223, 5.1252775, 2935, 5.1249475
117, 2773, 4.906941, 124, 4.8333335, 3410, 4.8178816, 3092, 4.6532173, 1879, 4.6462097
118, 841, 6.0585423, 1102, 6.0, 746, 5.25, 136, 5.1285625, 3415, 5.1186914
119, 1563, 5.5088444, 385, 5.5, 961, 5.5, 2129, 5.0, 1169, 4.917918
120, 3944, 5.0, 1871, 5.0, 1879, 4.941206, 106, 4.6083193, 2773, 4.5987387
121, 385, 6.5, 2773, 6.2352834, 3410, 6.0219307, 3223, 5.811293, 841, 5.74101
122, 3410, 4.630011, 1111, 4.608811, 136, 4.564116, 3637, 4.516363, 1423, 4.4368315
123, 2773, 4.8063383, 1111, 4.6066904, 3410, 4.583172, 668, 4.572786, 2019, 4.472982
124, 681, 5.5, 3371, 5.2031646, 3637, 5.0, 2981, 5.0, 251, 4.9930615
125, 2773, 5.5110397, 1067, 5.460496, 1111, 5.4252615, 3816, 5.371349, 136, 5.340741
126, 2813, 6.0, 841, 5.7928934, 2773, 5.677889, 3410, 5.518704, 1067, 5.4162636
127, 2773, 5.3505898, 136, 5.0702224, 1067, 5.03385, 1111, 4.980832, 3223, 4.9774065
128, 2773, 6.2897215, 3816, 5.872174, 1879, 5.7738295, 2056, 5.7071066, 385, 5.6601887
129, 2773, 5.587233, 841, 5.427309, 136, 5.4039464, 1111, 5.2549458, 3410, 5.234779
130, 1780, 6.5, 3410, 6.089853, 2773, 6.024134, 1871, 6.0, 1067, 5.739047
131, 681, 4.5, 3816, 4.2323356, 3470, 4.22034, 3739, 4.2137003, 136, 4.194603
132, 2056, 6.0, 2904, 5.3867297, 136, 5.353791, 668, 5.2461863, 1743, 5.178374
133, 136, 5.447858, 1076, 5.1433287, 746, 5.0500274, 2904, 4.8421836, 1111, 4.814798
134, 841, 5.896206, 2773, 5.3602233, 385, 5.3284273, 1879, 5.0757875, 106, 5.0
135, 116, 6.00415, 2981, 6.0, 3371, 5.910231, 841, 5.8863215, 746, 5.8284273
136, 2773, 4.2511644, 3410, 4.2221675, 841, 4.1533017, 1879, 4.095053, 681, 4.0
137, 3739, 4.8286834, 3737, 4.7758026, 1111, 4.7498937, 363, 4.7273464, 2019, 4.6905136
138, 1067, 5.9539804, 841, 5.586982, 2773, 5.461951, 136, 5.45253, 1563, 5.3416643
139, 2773, 5.2469163, 385, 5.2299285, 1563, 5.1898007, 1657, 5.1893396, 124, 5.072501
140, 1002, 5.038003, 649, 5.0309973, 106, 4.815301, 136, 4.7751265, 3816, 4.7416434
141, 136, 5.7071066, 2773, 5.6860714, 3737, 5.2864738, 2981, 5.2071066, 841, 4.78886
142, 841, 4.74278, 2981, 4.5, 3410, 4.200655, 1067, 4.148811, 844, 4.0900993
143, 746, 6.184699, 136, 5.3520875, 1743, 5.309074, 2773, 5.0565257, 1471, 5.0
144, 363, 5.220606, 2773, 5.0983076, 77, 5.0, 167, 4.978083, 844, 4.9585786
145, 116, 5.4684076, 841, 5.0, 3637, 4.6425295, 668, 4.585539, 759, 4.575159
146, 1780, 5.232233, 136, 5.0598726, 1067, 5.0171824, 2773, 4.9975567, 3816, 4.9012494
147, 3410, 5.1088557, 136, 5.0565596, 1111, 5.016761, 1102, 5.0, 2773, 4.9673476
148, 3410, 5.3090076, 1111, 5.0830183, 2773, 5.0323143, 3739, 5.0154777, 124, 5.0142083
149, 3739, 5.0773807, 2904, 5.0567737, 2935, 5.0471253, 668, 5.0064473, 2773, 5.0061135
150, 746, 5.087409, 3816, 4.8845086, 1067, 4.8814645, 668, 4.872112, 3739, 4.8605227
151, 3739, 5.0243306, 1111, 4.9110827, 2773, 4.892777, 2935, 4.852754, 3470, 4.8500137
152, 1879, 5.7819347, 2904, 5.656854, 385, 5.5, 304, 5.5, 1423, 5.2071066
153, 116, 7.2214684, 1743, 6.1081944, 3906, 6.0, 3737, 5.8988786, 3470, 5.855008
154, 1743, 4.632016, 2830, 4.4248257, 1002, 4.3605604, 3816, 4.3464274, 3410, 4.3425894
155, 1067, 5.11422, 649, 4.9160337, 841, 4.8786798, 935, 4.8435287, 1743, 4.7775354
156, 3739, 5.394286, 2773, 5.380507, 525, 5.2084503, 3030, 5.1965427, 649, 5.1962433
157, 681, 5.0431175, 2773, 4.9202957, 3410, 4.9142113, 668, 4.866222, 124, 4.8309956
158, 2773, 6.5, 84, 6.5, 1879, 6.5, 3449, 6.0, 304, 5.5
159, 1743, 5.89389, 3371, 5.062986, 841, 5.0449586, 3470, 4.9953055, 2773, 4.9609942
160, 2773, 5.175435, 385, 5.027484, 167, 4.9579544, 649, 4.836176, 670, 4.71736
161, 1067, 5.308458, 649, 5.2966022, 3739, 5.2925463, 668, 5.1730027, 3816, 5.15463
162, 2773, 6.133915, 106, 6.0, 746, 6.0, 3410, 5.7922416, 1879, 5.775922
163, 2773, 4.041829, 1743, 4.0312567, 681, 4.0, 136, 3.9970481, 668, 3.908628
164, 1879, 5.5857863, 304, 5.5, 1871, 5.5, 136, 5.430058, 649, 5.4189816
165, 1780, 5.5, 961, 5.1969185, 2773, 5.134695, 1002, 5.0564084, 649, 4.9576073
166, 136, 4.9987464, 668, 4.8920074, 3410, 4.886442, 2773, 4.8699093, 2904, 4.8473587
167, 136, 6.0, 841, 6.0, 1423, 5.5, 844, 5.5, 2773, 5.1926303
168, 841, 6.176777, 961, 6.0, 3894, 5.410676, 1341, 5.3458047, 3415, 5.156672
169, 1102, 6.0, 3410, 4.7657766, 2773, 4.655091, 3739, 4.5846243, 1111, 4.5764923
170, 1067, 5.3206224, 106, 5.168854, 1871, 5.0690355, 136, 5.0524907, 3816, 5.0495334
171, 1067, 6.216805, 385, 6.0, 2773, 5.716005, 1879, 5.0534997, 2756, 5.0
172, 1657, 6.0, 844, 5.5, 2754, 5.5, 1423, 5.5, 1063, 5.0
173, 3816, 4.9292226, 649, 4.9097753, 2773, 4.8708925, 1067, 4.8242083, 2904, 4.813315
174, 3410, 6.2971926, 2773, 5.9186835, 1879, 5.7308416, 1002, 5.5370774, 2813, 5.535534
175, 2981, 5.1601887, 136, 5.1135225, 3739, 5.012272, 668, 4.968267, 3816, 4.9270215
176, 167, 7.0, 3118, 6.5, 767, 5.6073713, 1879, 5.5448155, 2981, 5.5
177, 136, 5.6666665, 2773, 5.596733, 385, 5.480566, 3410, 5.359196, 3816, 5.2883205
178, 106, 6.0, 3410, 5.3814964, 2678, 5.3333335, 304, 4.8786798, 1111, 4.817104
179, 3415, 5.1882353, 649, 4.7398705, 3410, 4.7383914, 385, 4.5690355, 1111, 4.5649443
180, 681, 5.5, 3339, 5.1244454, 3415, 5.059702, 1932, 4.947302, 649, 4.699402
181, 3410, 5.269589, 668, 5.141192, 1111, 5.129839, 2773, 5.1000414, 1879, 5.076137
182, 136, 5.526456, 2773, 5.319697, 167, 5.246235, 649, 5.0746684, 2904, 5.0663524
183, 1067, 5.3905096, 681, 5.299354, 649, 5.2444754, 2904, 5.186943, 668, 5.144979
184, 385, 6.2928934, 3410, 5.751464, 841, 5.6213202, 2129, 5.540764, 681, 5.5
185, 3410, 5.7760763, 2773, 5.7370706, 3245, 5.577577, 1111, 5.5560226, 1002, 5.5
186, 3410, 5.4437103, 3816, 5.395668, 1169, 5.366719, 1725, 5.3592143, 3470, 5.357554
187, 681, 5.5, 841, 5.365827, 3739, 5.3163624, 3371, 5.216134, 2904, 5.2151055
188, 681, 5.5, 1423, 4.678932, 844, 4.678932, 3816, 4.5390344, 3077, 4.525784
189, 3640, 7.0, 746, 6.5, 1743, 5.6464467, 106, 5.5, 136, 5.5
190, 385, 5.057191, 3944, 5.0, 2773, 4.986836, 136, 4.8147, 2981, 4.6378393
191, 136, 5.7071066, 841, 5.6541953, 106, 5.5, 167, 5.2453594, 961, 5.0
192, 2904, 4.8184214, 668, 4.725394, 1111, 4.700596, 136, 4.688133, 3371, 4.603606
193, 681, 4.8535533, 136, 4.5480065, 1076, 4.5477605, 3816, 4.4350686, 2019, 4.4038596
194, 1780, 6.0, 722, 5.4600124, 3739, 5.4593186, 1111, 5.3970428, 2847, 5.2765183
195, 2773, 5.1152205, 136, 5.063543, 3739, 5.0607824, 649, 5.044086, 3410, 5.015143
196, 167, 5.0817156, 649, 5.030737, 3149, 5.0, 3339, 4.8951797, 106, 4.791555
197, 841, 6.0, 1871, 5.5, 136, 5.5, 649, 5.2878346, 3637, 5.2431397
198, 1102, 6.0, 3410, 5.682128, 1111, 5.2134438, 136, 5.168418, 3739, 5.166112
199, 1102, 5.0, 3410, 4.9054475, 3415, 4.8618197, 649, 4.843849, 1111, 4.7828226
200, 3038, 6.0765047, 2238, 5.7220697, 3737, 5.3658414, 167, 5.2928934, 1879, 5.2928934
201, 746, 5.5, 3739, 5.299587, 841, 5.173691, 2935, 5.107985, 1068, 5.07818
202, 3410, 5.0817623, 2773, 5.0441213, 1111, 4.900935, 1102, 4.8398113, 124, 4.771767
203, 3415, 4.4775925, 841, 4.3333335, 136, 4.1019382, 106, 4.0, 681, 4.0
204, 3410, 5.0873923, 841, 5.057773, 2773, 4.9713635, 1111, 4.954485, 136, 4.9532304
205, 1780, 5.5, 681, 5.184699, 3816, 4.885569, 136, 4.8724365, 2773, 4.8214755
206, 961, 5.75, 2981, 5.5, 124, 5.5, 304, 5.3535533, 2056, 5.2928934
207, 136, 6.445903, 3415, 6.3333335, 2773, 5.655962, 1067, 5.6246667, 841, 5.5744953
208, 2773, 4.6474156, 3371, 4.6156287, 124, 4.5365686, 649, 4.5214176, 2904, 4.498921
209, 2830, 4.8733764, 1743, 4.720812, 363, 4.515637, 746, 4.5, 1180, 4.4848714
210, 3410, 7.3948317, 1596, 7.0, 2773, 6.714068, 649, 6.5, 1111, 6.4485526
211, 3410, 5.849547, 2773, 5.7814927, 136, 5.7071066, 1067, 5.5, 670, 5.488715
212, 3410, 4.8782334, 2773, 4.869566, 136, 4.823682, 1111, 4.7528462, 385, 4.699465
213, 841, 5.5, 385, 5.5, 1111, 5.367567, 2773, 5.2661443, 525, 5.133212
214, 385, 5.738796, 681, 5.1464467, 2981, 5.097631, 649, 4.973415, 841, 4.8399143
215, 385, 7.0, 841, 6.5, 2981, 6.0, 136, 6.0, 1102, 6.0
216, 3816, 4.4837327, 3739, 4.4350953, 3410, 4.371838, 1563, 4.312515, 668, 4.2938294
217, 1780, 6.5, 3637, 6.0, 136, 5.25, 106, 5.2071066, 1743, 5.1800847
218, 2981, 6.0, 1067, 5.5, 124, 5.5, 681, 5.5, 3371, 5.3395042
219, 3415, 5.0, 1067, 5.0, 2464, 5.0, 3038, 4.921027, 3470, 4.8741736
220, 136, 5.3708897, 668, 5.3644857, 649, 5.2666645, 2935, 5.236425, 3470, 5.2288313
221, 1563, 5.2991204, 3737, 5.2512627, 3490, 5.1773777, 136, 5.0, 1725, 5.0
222, 136, 5.658327, 1067, 5.6134367, 2773, 5.5519853, 1111, 5.36971, 3223, 5.2859974
223, 1111, 5.1694117, 3410, 5.155969, 2830, 4.9495835, 3739, 4.902738, 668, 4.869183
224, 3739, 4.341164, 2847, 4.280818, 385, 4.276598, 3470, 4.2284403, 3637, 4.208368
225, 681, 5.0, 649, 4.6303864, 2904, 4.6129117, 3371, 4.58997, 3739, 4.5507755
226, 1879, 6.7104034, 3410, 5.69342, 3816, 5.3867297, 1002, 5.1132703, 136, 5.050873
227, 369, 4.8398113, 3816, 4.678152, 645, 4.6151123, 1780, 4.5483723, 746, 4.5
228, 2773, 6.3025694, 844, 5.636039, 1423, 5.636039, 670, 5.631385, 3637, 5.604957
229, 3415, 5.336615, 136, 5.2217855, 841, 4.938476, 2773, 4.9063053, 670, 4.7208414
230, 136, 5.1807585, 124, 5.1773777, 2773, 5.131833, 668, 5.131696, 3816, 5.1135216
231, 3410, 5.346479, 1067, 5.255086, 1780, 5.232233, 136, 5.179506, 670, 5.1226287
232, 1743, 4.9933553, 2773, 4.9694033, 3739, 4.954899, 3371, 4.8956738, 2830, 4.8785214
233, 2773, 6.440356, 167, 5.7908072, 1563, 5.730248, 1423, 5.5335584, 844, 5.5335584
234, 385, 6.0, 649, 6.0, 1067, 5.7476945, 2773, 5.648979, 1879, 5.5352983
235, 681, 5.0642824, 649, 5.0620046, 3816, 5.0147014, 3739, 5.003595, 136, 4.988927
236, 136, 5.7211213, 2773, 5.375653, 1102, 5.0, 1879, 4.9365406, 3410, 4.6949515
237, 2773, 5.4600205, 385, 5.254522, 136, 4.9415874, 3410, 4.9255185, 1111, 4.9028873
238, 841, 5.3284273, 3944, 5.0, 3739, 4.7908864, 1067, 4.779765, 935, 4.767881
239, 841, 5.6449013, 385, 5.0469184, 2847, 5.0463414, 2981, 5.018914, 3816, 5.00051
240, 2773, 4.6970205, 3410, 4.5801864, 1111, 4.3737903, 3816, 4.372272, 668, 4.2894177
241, 649, 5.209467, 2773, 5.136005, 3410, 5.1227813, 3816, 5.0140567, 681, 5.0
242, 1780, 4.5, 3739, 4.378973, 2773, 4.3398333, 1657, 4.3118076, 1111, 4.311407
243, 841, 6.2754364, 2981, 6.0, 2056, 5.235702, 1879, 5.034197, 3149, 5.0
244, 2773, 5.492977, 3410, 5.2108626, 649, 5.2034135, 1111, 5.1542935, 136, 5.06963
245, 3410, 4.1504836, 668, 4.127799, 136, 4.061159, 1111, 4.0298066, 3816, 4.013728
246, 841, 6.5, 1780, 5.554097, 385, 5.5, 77, 5.0, 2847, 4.9436145
247, 746, 5.5, 649, 5.325593, 2129, 5.1325455, 2904, 5.1021495, 1657, 5.100505
248, 3410, 6.4361157, 2773, 6.40724, 1725, 5.9558835, 841, 5.912591, 3415, 5.8472815
249, 841, 6.5, 2773, 5.359827, 2981, 5.3535533, 3410, 5.183615, 2464, 5.1715727
250, 2773, 5.4830236, 1879, 5.4392924, 670, 5.241758, 3739, 5.1396484, 363, 5.084644
251, 3415, 5.5, 3410, 5.4841423, 2773, 5.3691254, 2678, 5.2819347, 136, 5.096295
252, 136, 5.699558, 3637, 5.6549573, 2773, 5.598963, 1111, 5.370656, 2904, 5.3653765
253, 1067, 5.5, 841, 5.037414, 2673, 5.0, 3371, 4.978113, 3816, 4.6909018
254, 2678, 6.5, 3118, 6.5, 106, 6.0, 961, 5.5, 645, 5.0
255, 3410, 5.4551277, 136, 5.366475, 2773, 5.279307, 1111, 5.2385626, 2813, 5.1213202
256, 3410, 6.1091366, 1067, 5.7707, 2773, 5.7422094, 1879, 5.6731443, 841, 5.6262264
257, 2652, 6.0, 841, 6.0, 2635, 6.0, 136, 5.8811536, 2773, 5.7417765
258, 385, 5.785395, 841, 5.3777795, 106, 5.1464467, 2773, 5.039352, 124, 5.0153008
259, 2904, 5.0331535, 649, 5.018435, 3739, 5.0000424, 681, 5.0, 3371, 4.9748015
260, 1780, 6.5, 106, 6.0, 1111, 5.4032965, 1067, 5.360627, 1002, 5.3458047
261, 136, 5.3536944, 2773, 5.1717362, 3816, 5.0196724, 1111, 5.0156674, 1563, 4.990464
262, 77, 7.0, 1533, 5.774642, 1067, 5.444372, 3410, 5.394903, 2981, 5.2928934
263, 2773, 5.1971054, 841, 5.168446, 1102, 5.0, 3410, 4.891286, 2830, 4.724111
264, 1102, 5.0, 136, 4.2213626, 3410, 4.1397696, 1111, 4.095797, 3739, 4.051722
265, 1067, 5.1433315, 668, 5.0370555, 841, 5.007802, 3816, 4.9771857, 935, 4.925781
266, 841, 5.8545084, 3816, 5.2648005, 3470, 5.2062097, 722, 5.195775, 668, 5.1706085
267, 2904, 4.521194, 136, 4.513063, 2847, 4.4987955, 3739, 4.4794846, 1657, 4.4793224
268, 77, 5.184699, 1111, 5.14049, 2673, 5.0, 3739, 4.8427205, 2773, 4.750755
269, 1067, 6.363961, 136, 5.7071066, 3625, 5.5, 406, 5.445903, 3680, 5.360738
270, 136, 5.4710293, 1067, 5.3064723, 649, 5.2595744, 3816, 5.1888504, 3223, 5.141234
271, 385, 5.4559073, 3410, 5.4272223, 2773, 5.3995733, 1111, 5.3560753, 3739, 5.232714
272, 841, 5.4676685, 2773, 5.3072433, 3410, 5.2892075, 668, 5.2296834, 1111, 5.2095428
273, 746, 6.208445, 3410, 5.3904357, 2773, 5.0762844, 1111, 5.0613213, 136, 5.022901
274, 649, 5.4571843, 668, 5.2587824, 3816, 5.252187, 136, 5.2516093, 106, 5.2488074
275, 2773, 5.7971377, 2981, 5.7928934, 3415, 5.6874638, 167, 5.6549406, 1879, 5.627325
276, 3862, 5.5, 106, 5.5, 3410, 5.1863065, 37, 5.0, 136, 4.9357176
277, 2830, 5.1977057, 2981, 5.0, 1102, 5.0, 649, 4.948366, 3410, 4.932152
278, 136, 7.184699, 106, 7.0, 3816, 6.438764, 645, 6.2928934, 2773, 6.0816817
279, 841, 5.5, 3410, 5.0898614, 3894, 5.0, 1002, 4.815301, 1871, 4.5
280, 1341, 5.5, 2464, 5.5, 841, 5.3867297, 3737, 5.07244, 1002, 5.0663524
281, 681, 5.5, 3371, 5.1195817, 3415, 4.871088, 961, 4.804287, 841, 4.7904453
282, 3415, 6.5, 2773, 5.765922, 136, 5.6512394, 1067, 5.5, 3637, 5.3458047
283, 1067, 7.0, 2773, 6.6100082, 841, 6.5, 3410, 6.4327283, 3637, 6.4214034
284, 2773, 5.079283, 3410, 5.060211, 668, 5.023097, 649, 4.958029, 385, 4.9555664
285, 1657, 5.5, 2904, 5.2379556, 3739, 5.1260133, 649, 5.0297194, 668, 4.9839654
286, 841, 5.297504, 2773, 5.241496, 3223, 5.0033545, 649, 4.9647846, 1725, 4.8841133
287, 3637, 5.057191, 841, 4.9343944, 681, 4.8535533, 3371, 4.8387604, 2904, 4.807493
288, 3410, 6.6274714, 385, 6.2928934, 841, 6.0552, 2773, 6.0287237, 1111, 5.953938
289, 106, 5.34699, 2773, 5.338492, 136, 5.236476, 3816, 5.0428143, 681, 5.0
290, 746, 5.0, 136, 4.8203773, 2773, 4.7166767, 3415, 4.5857863, 2185, 4.5760345
291, 1102, 6.0, 3637, 5.4541574, 1563, 5.3465304, 2773, 5.1620073, 3775, 5.1421356
292, 136, 5.738796, 841, 5.5364757, 3637, 5.3856945, 2593, 5.165678, 2773, 5.1117477
293, 681, 5.5, 136, 5.217227, 2904, 5.055413, 2981, 4.889087, 3816, 4.7717805
294, 2904, 5.6512394, 3637, 4.9560013, 3816, 4.8479166, 1743, 4.8163614, 1076, 4.815301
295, 841, 5.4224215, 2773, 5.4035444, 3371, 5.178507, 668, 5.178047, 1067, 5.1417513
296, 298, 7.0, 124, 6.0, 1879, 5.5829935, 2773, 5.5737243, 385, 5.535534
297, 136, 4.9902887, 649, 4.9186015, 3816, 4.7675385, 1067, 4.677495, 668, 4.6750665
298, 746, 5.5, 2773, 5.4578915, 1657, 5.286921, 3739, 5.259558, 670, 5.2365465
299, 681, 5.5, 1657, 5.2071066, 2773, 4.947437, 649, 4.937136, 3371, 4.9367113
300, 1102, 6.0, 3410, 5.5252357, 681, 5.5, 2773, 5.2952056, 1111, 5.1734796
301, 3410, 5.3117275, 668, 5.2679257, 136, 5.263795, 649, 5.2538366, 2830, 5.246599
302, 3410, 4.8845825, 2773, 4.843798, 3862, 4.805738, 1002, 4.7470384, 668, 4.7326927
303, 3371, 5.1044073, 844, 5.045056, 1423, 5.045056, 2904, 4.9802227, 3739, 4.9658093
304, 3625, 5.5, 124, 5.5, 2055, 5.5, 3447, 5.4599442, 106, 5.0
305, 385, 7.5, 298, 5.535534, 961, 5.5, 106, 5.0, 1533, 4.769876
306, 2773, 5.671702, 3410, 5.4198403, 1111, 5.2163815, 3371, 5.1374726, 1743, 5.090475
307, 1067, 5.245535, 668, 5.1415243, 681, 5.106222, 935, 5.1026716, 3739, 5.0977645
308, 136, 4.8105927, 2904, 4.67828, 1111, 4.6053576, 668, 4.6045814, 3410, 4.602801
309, 136, 5.19317, 1780, 5.1666665, 3637, 5.0038877, 2773, 4.977422, 2847, 4.9696074
310, 841, 5.814139, 1102, 5.0, 2904, 4.928346, 136, 4.877026, 844, 4.7564526
311, 2773, 6.5097494, 746, 6.5, 136, 6.3333335, 841, 6.0, 3410, 5.7896266
312, 3149, 5.0, 220, 5.0, 3775, 4.7819347, 3637, 4.669278, 1563, 4.609632
313, 844, 6.0, 1423, 6.0, 136, 5.9209914, 2773, 5.4946523, 167, 5.2592297
314, 681, 5.5, 668, 4.437776, 935, 4.4332404, 3739, 4.410045, 3816, 4.3905888
315, 2056, 6.0, 2773, 5.851358, 385, 5.1213202, 3410, 5.095696, 124, 5.0
316, 136, 6.1666665, 3410, 6.08617, 2773, 5.7736716, 1111, 5.750719, 649, 5.7404747
317, 961, 5.5, 841, 5.5, 2904, 5.315301, 3816, 5.0217304, 136, 5.0
318, 681, 5.5, 841, 5.5, 961, 5.5, 668, 5.3344293, 649, 5.2986875
319, 649, 4.6258006, 668, 4.6183057, 2773, 4.5736637, 3371, 4.565257, 1111, 4.5511413
320, 2773, 6.322694, 3410, 6.0436406, 3415, 6.0156784, 1743, 5.9142137, 3816, 5.6150694
321, 136, 5.235702, 2904, 4.9404964, 106, 4.8774776, 3415, 4.816863, 3410, 4.7623463
322, 2773, 6.0390525, 136, 5.4729514, 1067, 5.212589, 3739, 5.1958795, 2847, 5.1766825
323, 681, 5.1213202, 2981, 4.926777, 841, 4.8567443, 668, 4.8491335, 3447, 4.79641
324, 106, 6.5, 2773, 5.6593337, 1341, 5.5, 3410, 5.2069793, 136, 5.138931
325, 136, 7.232233, 1002, 6.5, 1596, 6.134408, 251, 6.0, 1180, 5.9932055
326, 1067, 4.4050584, 668, 4.3811183, 136, 4.3663673, 3410, 4.355109, 2773, 4.286966
327, 649, 4.6644273, 2773, 4.6579404, 1002, 4.6168723, 3816, 4.5372424, 668, 4.477268
328, 649, 5.1303515, 3410, 5.013454, 2773, 4.934699, 136, 4.925452, 1111, 4.8862643
329, 3410, 4.2940893, 3739, 4.2085342, 668, 4.20418, 1111, 4.170958, 2773, 4.1700377
330, 2773, 5.655508, 681, 5.5, 136, 5.4500804, 649, 5.1334376, 2904, 4.898764
331, 2904, 5.2045903, 3739, 5.1540484, 649, 5.1479516, 1111, 5.141447, 136, 5.127648
332, 3371, 5.1132035, 3637, 5.096507, 3816, 5.077911, 3223, 4.998134, 759, 4.9946313
333, 1657, 4.7071066, 2813, 4.5, 649, 4.3913083, 1780, 4.3487606, 3410, 4.3344345
334, 2981, 5.0, 3739, 4.8597736, 668, 4.848954, 1546, 4.8194213, 2464, 4.7290235
335, 136, 4.1106744, 2773, 4.0829268, 167, 4.0766525, 1002, 4.0580835, 1871, 4.0
336, 2773, 6.24801, 385, 6.2071066, 649, 6.1131687, 3410, 6.1055183, 1102, 6.0
337, 136, 5.8017507, 385, 5.7984333, 2773, 5.795611, 746, 5.579266, 1111, 5.425442
338, 3410, 5.2805667, 2773, 5.2123275, 1111, 5.139117, 124, 4.979004, 670, 4.9295025
339, 1871, 5.6512394, 3637, 5.196573, 3739, 5.035466, 1341, 5.0, 2678, 4.9543366
340, 681, 4.5, 3816, 4.4893146, 668, 4.4679146, 1067, 4.438564, 670, 4.3159127
341, 1743, 6.0, 1879, 5.9387064, 2773, 5.819218, 167, 5.530023, 106, 5.5
342, 106, 5.7695527, 2981, 5.7071066, 3410, 5.471297, 1743, 5.3973455, 1111, 5.350022
343, 3410, 5.766978, 841, 5.3503485, 1111, 5.330509, 525, 5.2986794, 3739, 5.2770143
344, 136, 5.2230725, 841, 5.086864, 3415, 4.9637556, 1067, 4.86702, 2773, 4.763954
345, 1067, 7.0, 841, 6.0, 1932, 5.5042624, 2830, 5.3293443, 649, 5.2527246
346, 2773, 5.643279, 3410, 5.627204, 385, 5.513334, 3739, 5.4848204, 2847, 5.3297067
347, 2464, 5.037414, 3816, 4.8388906, 1067, 4.795209, 649, 4.782158, 668, 4.748709
348, 1563, 5.8863893, 3410, 5.3223033, 2773, 5.279558, 136, 5.2524533, 3880, 5.002436
349, 2773, 5.0267997, 841, 4.916823, 1111, 4.819786, 1002, 4.7827573, 668, 4.758703
350, 136, 5.5027037, 746, 5.5, 77, 5.5, 363, 5.2299805, 2830, 5.213681
351, 746, 6.0, 1423, 5.140136, 844, 5.140136, 136, 5.0573072, 2773, 4.9759703
352, 668, 5.007943, 3410, 4.9776716, 136, 4.9608493, 1111, 4.949465, 1002, 4.9478345
353, 3944, 5.0, 1657, 5.0, 1743, 4.9574804, 649, 4.9568515, 2740, 4.9393396
354, 746, 6.0, 3410, 5.687584, 1169, 5.212151, 2773, 5.140378, 3339, 5.0708065
355, 2773, 5.127249, 3410, 5.000929, 1111, 4.931884, 668, 4.8800335, 1743, 4.8767953
356, 3410, 7.5, 2773, 7.0, 1076, 6.5, 1412, 6.365507, 1447, 6.3203773
357, 844, 5.444793, 1423, 5.444793, 3816, 5.066714, 385, 4.815301, 1076, 4.730248
358, 385, 5.1213202, 841, 4.899347, 1067, 4.798072, 811, 4.7071066, 1879, 4.5326896
359, 3415, 6.1233335, 3410, 5.7328176, 2981, 5.7071066, 2773, 5.6470203, 136, 5.5
360, 2773, 5.331459, 385, 5.1601887, 3410, 5.1598864, 167, 5.1369896, 525, 4.761347
361, 136, 5.5, 841, 5.194044, 3038, 5.1776915, 167, 5.1049743, 670, 5.103583
362, 746, 5.2928934, 1657, 5.1907434, 136, 5.1796227, 2773, 4.9848514, 824, 4.9486575
363, 2981, 6.0, 2773, 5.926721, 841, 5.441564, 3637, 5.377722, 3410, 5.286873
364, 841, 5.0, 3339, 5.0, 1932, 4.75146, 3739, 4.6313314, 167, 4.508518
365, 136, 7.0, 2904, 6.1081944, 1076, 6.1073685, 3894, 6.0, 2773, 5.8794417
366, 385, 5.1777506, 668, 5.142559, 649, 5.097568, 136, 5.0890255, 3816, 5.081452
367, 251, 6.0, 668, 5.1580544, 649, 5.107501, 2678, 5.0, 935, 4.9876223
368, 681, 5.5, 2773, 5.360208, 136, 5.3044963, 3739, 5.2602277, 1111, 5.2435017
369, 385, 5.5, 649, 4.965935, 668, 4.846053, 669, 4.7852626, 1002, 4.684699
370, 841, 5.902118, 1067, 5.784782, 385, 5.5, 3637, 5.372145, 116, 5.3646045
371, 3944, 5.0, 167, 4.53752, 3862, 4.4057326, 649, 4.358894, 668, 4.323928
372, 2773, 6.122382, 3410, 6.1088276, 136, 5.919772, 841, 5.9050627, 1111, 5.8523006
373, 1725, 5.4142137, 2981, 5.0, 1743, 5.0, 3410, 4.9357796, 1879, 4.7169013
374, 3775, 5.628427, 841, 5.524454, 2464, 5.5, 136, 5.469351, 1563, 5.4211845
375, 961, 5.428571, 136, 5.2928934, 1002, 5.1659408, 1743, 5.065872, 3223, 5.032329
376, 841, 5.3292565, 136, 5.2395678, 3816, 5.1743736, 363, 5.1647124, 1067, 5.162295
377, 1102, 5.0, 3410, 4.9974537, 961, 4.962473, 1067, 4.841543, 106, 4.833592
378, 841, 6.0, 3637, 5.6236153, 3149, 5.2928934, 961, 5.125394, 1341, 5.0
379, 841, 5.5690355, 2773, 5.5553875, 1563, 5.463205, 3739, 5.121809, 124, 5.1132703
380, 385, 5.5563493, 746, 5.5, 2981, 5.4142137, 2773, 5.252785, 668, 5.211445
381, 1780, 6.5, 649, 5.987661, 136, 5.5, 841, 5.4785914, 2773, 5.462041
382, 2904, 6.460496, 3410, 5.877086, 844, 5.826395, 1423, 5.826395, 3371, 5.5564594
383, 2981, 6.0, 681, 5.5, 841, 5.0, 136, 5.0, 844, 5.0
384, 2129, 6.5, 2678, 6.0, 385, 5.5, 841, 5.5, 3449, 5.5
385, 1067, 5.181192, 2981, 5.1464467, 668, 5.0414095, 1780, 5.0251265, 1169, 4.9579496
386, 2523, 5.0, 841, 4.9552417, 1780, 4.8708453, 2904, 4.847494, 3739, 4.608031
387, 1102, 5.0, 1067, 4.798981, 841, 4.7207875, 3739, 4.6350245, 1111, 4.6331873
388, 3410, 6.1355467, 3880, 5.3801413, 3816, 5.3792224, 2981, 5.3333335, 2904, 5.296509
389, 1743, 5.148725, 1111, 5.131304, 3739, 5.126228, 363, 5.114302, 124, 5.11257
390, 841, 4.8204513, 3775, 4.738921, 2773, 4.7340364, 670, 4.718974, 3470, 4.715702
391, 681, 5.5, 1067, 5.4477086, 649, 5.369103, 3137, 5.226541, 3449, 5.0
392, 3410, 4.8131714, 668, 4.754148, 3739, 4.7538, 1111, 4.736841, 649, 4.6985674
393, 1067, 4.584776, 1780, 4.5, 681, 4.5, 3816, 4.34958, 668, 4.2480083
394, 136, 6.0, 3410, 5.679108, 2593, 5.503417, 385, 5.5, 1002, 5.4881554
395, 841, 6.0, 167, 5.75277, 251, 5.5, 3637, 5.083261, 385, 5.0
396, 2523, 5.0, 3816, 4.9457116, 649, 4.930492, 746, 4.87047, 1067, 4.8022585
397, 1780, 5.5, 1879, 5.246019, 841, 5.205756, 3415, 5.086799, 3410, 4.8564277
398, 681, 5.0, 2773, 4.987178, 668, 4.95953, 649, 4.956453, 1111, 4.8911343
399, 841, 6.2754364, 167, 6.0, 3447, 5.670389, 705, 5.6251435, 2345, 5.6026454
400, 1780, 6.5, 3415, 5.347449, 3410, 4.9901886, 3637, 4.927588, 1067, 4.8796773
401, 1743, 5.6719265, 136, 5.630602, 1111, 5.4804783, 3410, 5.4315777, 3637, 5.4232993
402, 3739, 4.90803, 3737, 4.7914205, 2847, 4.788578, 668, 4.776067, 649, 4.767469
403, 2773, 5.1200376, 1111, 5.08527, 1102, 5.0, 3739, 4.9924703, 1169, 4.952884
404, 136, 5.5969443, 1067, 5.4818006, 3223, 5.2447166, 2773, 5.155457, 3371, 5.1110873
405, 1563, 6.5, 2768, 5.5, 841, 5.5, 3816, 5.197461, 2678, 5.164716
406, 3410, 4.449732, 1111, 4.2752867, 668, 4.2673607, 1067, 4.259418, 670, 4.2530465
407, 1879, 5.5813165, 385, 5.5, 2056, 5.0, 2345, 4.889856, 136, 4.8535533
408, 385, 5.555838, 681, 5.5, 1067, 5.118682, 649, 5.0981016, 935, 5.0640926
409, 2773, 5.1382027, 1879, 4.940152, 649, 4.901004, 1111, 4.872807, 3816, 4.867557
410, 3739, 5.229019, 3470, 5.041821, 2847, 5.0304756, 1111, 5.0014606, 3137, 5.0
411, 649, 4.5946918, 3739, 4.507431, 668, 4.4961305, 1067, 4.4907064, 3816, 4.4824767
412, 1102, 6.0, 681, 5.5, 3739, 5.4937334, 2773, 5.487994, 3410, 5.4562225
413, 841, 6.242761, 935, 5.506929, 136, 5.4939523, 3739, 5.475162, 3410, 5.4677076
414, 3306, 5.5, 2813, 5.0, 3862, 4.8284273, 385, 4.7928934, 3223, 4.6245346
415, 668, 4.800469, 2773, 4.743649, 2904, 4.7414, 3816, 4.7315235, 3739, 4.7117214
416, 961, 5.2709765, 668, 5.0861983, 2238, 5.0368376, 1169, 5.0363274, 1725, 5.033334
417, 1780, 6.5, 2773, 5.8786798, 1879, 5.7192554, 1743, 5.6541953, 3223, 5.5603757
418, 124, 5.315301, 3410, 5.179746, 136, 5.118217, 649, 5.1096473, 1563, 5.075629
419, 2773, 5.516256, 136, 5.288335, 2981, 5.2788787, 3410, 5.2224555, 841, 5.1753764
420, 2773, 5.603882, 385, 5.5, 649, 5.1938777, 668, 5.0999885, 3816, 5.096443
421, 1871, 7.0, 2981, 6.0, 136, 6.0, 3410, 5.91141, 1932, 5.8537025
422, 385, 5.7071066, 2056, 5.2928934, 3223, 4.691479, 124, 4.630602, 649, 4.6044445
423, 77, 4.258084, 3415, 4.0, 3137, 3.5, 3154, 3.5, 3670, 3.5
424, 668, 5.132031, 2773, 5.1232986, 3410, 5.0763044, 136, 5.05573, 2904, 5.040047
425, 3137, 4.7819347, 2773, 4.7351146, 3410, 4.5972304, 1879, 4.557954, 1111, 4.5158243
426, 681, 5.5, 841, 5.3172903, 1067, 5.1254635, 668, 5.095982, 2981, 5.0690355
427, 2773, 6.0561523, 1102, 6.0, 3410, 5.91336, 385, 5.7868843, 668, 5.5553937
428, 385, 5.5, 106, 5.369398, 746, 5.337709, 1563, 5.1711555, 3637, 5.102126
429, 681, 5.184699, 2773, 5.1754975, 1879, 5.0333366, 649, 4.8860826, 1067, 4.8607106
430, 3449, 5.5, 1168, 5.5, 1002, 5.464466, 84, 5.258283, 2904, 5.238841
431, 3415, 5.494254, 136, 5.4688883, 1743, 5.316356, 2904, 5.147097, 2773, 5.1371646
432, 1002, 5.5606604, 2904, 5.5, 2768, 5.5, 1168, 5.5, 136, 5.5
433, 841, 5.0, 746, 5.0, 3415, 4.9530315, 1002, 4.8398113, 1743, 4.7688336
434, 385, 5.464466, 2773, 5.2162943, 167, 4.9895926, 3862, 4.917464, 3410, 4.89467
435, 841, 5.369398, 2773, 5.335698, 3410, 5.2657833, 1102, 5.0, 1111, 4.91184
436, 746, 5.5, 385, 5.1912622, 2773, 5.1595626, 2981, 5.0676675, 3410, 4.9069576
437, 1563, 6.3933983, 3223, 5.711647, 1002, 5.6464467, 136, 5.5, 3410, 5.4415226
438, 3410, 5.1501155, 2773, 5.1191597, 385, 5.097233, 668, 5.0588603, 649, 5.0420346
439, 2773, 5.0752788, 841, 4.941835, 3410, 4.9089065, 1111, 4.890393, 1546, 4.848775
440, 841, 7.5, 3637, 6.8535533, 649, 6.184699, 3894, 5.5, 863, 5.4393396
441, 2773, 5.97747, 385, 5.868993, 136, 5.8118076, 3410, 5.673659, 841, 5.232233
442, 1102, 6.0, 136, 5.1383686, 3739, 5.0630136, 3410, 5.032163, 668, 4.981354
443, 251, 5.5, 1563, 5.1470504, 1067, 5.120693, 2756, 5.0, 136, 4.9913473
444, 3816, 4.6553974, 3739, 4.6203475, 2904, 4.5998287, 136, 4.5718784, 668, 4.570651
445, 1067, 5.4753733, 385, 5.445115, 2773, 5.3855004, 3816, 5.212955, 3410, 5.0309815
446, 1871, 5.764298, 1563, 5.738395, 3816, 5.610193, 3739, 5.579668, 649, 5.5502377
447, 385, 6.0, 167, 6.0, 3410, 5.8243074, 3737, 5.668854, 2345, 5.575875
448, 2593, 6.0, 2773, 5.6414213, 3415, 5.2928934, 1067, 5.1073685, 3737, 5.0124073
449, 106, 7.0, 961, 6.5, 304, 6.037414, 3816, 5.692953, 668, 5.5813603
450, 1067, 5.053864, 2773, 5.012102, 136, 5.0, 1563, 4.991267, 649, 4.9663043
451, 3816, 5.2405987, 1067, 5.1816454, 1563, 5.144054, 935, 5.136598, 668, 5.1198
452, 2773, 5.874588, 3415, 5.7167916, 3737, 5.618945, 1111, 5.567907, 2847, 5.5332494
453, 681, 5.1213202, 3410, 4.9214497, 2773, 4.847085, 3739, 4.8225384, 136, 4.809555
454, 681, 5.5, 649, 4.9696264, 1657, 4.659259, 668, 4.5698023, 167, 4.523206
455, 136, 5.5810165, 2773, 5.554445, 1341, 5.5, 3816, 5.4435163, 649, 5.430115
456, 1063, 4.5, 2773, 4.485206, 3410, 4.4437137, 304, 4.43835, 3637, 4.3599014
457, 1002, 4.9834394, 649, 4.9111524, 1111, 4.9099927, 668, 4.8866873, 136, 4.8485746
458, 2773, 5.3786516, 136, 5.1081944, 3816, 5.0502267, 1423, 5.0, 844, 5.0
459, 3637, 7.0, 841, 5.7245636, 3449, 5.5, 106, 5.5, 1067, 5.5
460, 3410, 4.725595, 167, 4.6766853, 2773, 4.643433, 385, 4.630602, 1743, 4.3880234
461, 3410, 5.080638, 2773, 4.987378, 1067, 4.921926, 1111, 4.7996006, 841, 4.725661
462, 3410, 5.146762, 2773, 5.08364, 124, 5.0, 2830, 4.8874235, 3816, 4.8416233
463, 2981, 5.5606604, 2523, 5.0, 124, 5.0, 3415, 4.684278, 668, 4.585514
464, 3637, 4.89572, 106, 4.6150594, 3816, 4.542013, 746, 4.5, 649, 4.490874
465, 1743, 5.738796, 1657, 4.6893396, 304, 4.4142137, 844, 4.3672953, 1423, 4.3672953
466, 841, 5.1913705, 681, 5.0, 3816, 4.8954144, 3447, 4.8639784, 3739, 4.84504
467, 746, 4.8180194, 3739, 4.4839916, 3415, 4.41174, 1111, 4.4023457, 136, 4.3510585
468, 385, 6.0, 2773, 5.046754, 37, 5.0, 3862, 5.0, 3223, 4.921402
469, 681, 5.5, 1067, 5.2011576, 3816, 4.9665914, 2773, 4.8880363, 2056, 4.815301
470, 2056, 5.0469184, 1780, 5.0, 1067, 4.952078, 3447, 4.864864, 385, 4.807612
471, 2813, 6.0, 649, 5.353444, 385, 5.213021, 1002, 5.0800943, 681, 5.0
472, 681, 5.5, 2773, 5.132772, 1879, 5.054627, 649, 4.9819655, 3816, 4.9812894
473, 2773, 5.7360253, 3410, 5.521421, 167, 5.3929777, 3339, 5.315902, 718, 5.230769
474, 3415, 5.2714486, 2830, 5.014827, 2773, 5.013705, 668, 4.9776173, 363, 4.9606166
475, 3410, 5.95978, 2773, 5.8080053, 385, 5.596382, 1111, 5.542977, 1871, 5.5
476, 385, 6.0765047, 3410, 5.532732, 681, 5.5, 2773, 5.416243, 1111, 5.2581425
477, 106, 5.535534, 3410, 5.520225, 1879, 5.373979, 2773, 5.2536354, 1111, 5.153126
478, 136, 5.0086527, 3149, 5.0, 251, 5.0, 841, 4.739718, 3637, 4.6415224
479, 841, 5.311882, 3410, 4.8879905, 1111, 4.877023, 2056, 4.837967, 1067, 4.778379
480, 136, 5.845118, 2773, 5.05127, 3637, 5.0031376, 961, 4.8426456, 385, 4.7874937
481, 385, 5.244365, 3410, 5.0716, 2813, 5.0, 681, 5.0, 2773, 4.9267006
482, 2773, 4.820577, 1111, 4.651972, 3410, 4.6504073, 1657, 4.648528, 649, 4.6275797
483, 2678, 4.603488, 3371, 4.1024823, 2904, 4.053653, 298, 4.0, 2813, 4.0
484, 2904, 7.0, 722, 6.8203773, 2773, 6.169756, 3816, 6.009342, 3371, 6.006134
485, 2773, 5.2829413, 167, 5.213673, 841, 5.21114, 136, 5.023133, 3470, 5.0194235
486, 2981, 5.7071066, 106, 5.5, 136, 5.2570314, 2847, 5.009776, 746, 5.0
487, 2981, 5.5, 1423, 4.4968505, 844, 4.4968505, 3739, 4.314918, 2773, 4.2405252
488, 1780, 5.5, 124, 5.5, 841, 5.398621, 961, 5.3422003, 2056, 5.2928934
489, 2129, 5.5857863, 1563, 5.1666665, 1743, 5.0857863, 1657, 5.0, 3862, 4.7191534
490, 3410, 6.02694, 1102, 6.0, 2773, 5.8950696, 2963, 5.794756, 385, 5.7071066
491, 746, 5.5, 106, 5.5, 167, 5.410002, 2593, 5.0210724, 3149, 5.0
492, 1743, 6.4046283, 3415, 6.0, 841, 6.0, 106, 5.5, 3449, 5.5
493, 2904, 5.214564, 3371, 5.016348, 2981, 4.8585787, 3739, 4.8552527, 2847, 4.8380237
494, 385, 6.1601887, 1102, 6.0, 3816, 5.8834968, 2773, 5.8669534, 1111, 5.841793
495, 3410, 5.42833, 3862, 5.3535533, 3637, 5.2981243, 136, 5.1464467, 2773, 5.14426
496, 1102, 6.0, 746, 5.5, 2773, 5.380497, 136, 5.3006997, 670, 5.248716
497, 2830, 5.5, 841, 5.5, 136, 5.5, 1879, 5.377182, 3680, 5.3311305
498, 385, 4.788137, 649, 4.7402816, 3816, 4.7242775, 1002, 4.588215, 668, 4.560257
499, 136, 5.1375227, 3739, 5.124966, 1546, 5.0625544, 1111, 5.059356, 649, 5.0366206
500, 136, 4.7025676, 304, 4.6642137, 3816, 4.623271, 124, 4.6102405, 668, 4.560252
501, 3816, 5.745748, 1067, 5.7368937, 2773, 5.667688, 124, 5.445903, 3339, 5.35872
502, 3137, 6.0, 3637, 5.61467, 844, 5.5158706, 1423, 5.5158706, 136, 5.5
503, 106, 6.5, 1067, 6.2928934, 136, 6.0, 3775, 6.0, 1423, 5.7928934
504, 2773, 5.642897, 3410, 5.493826, 841, 5.363105, 3447, 5.099876, 670, 5.0802064
505, 3137, 6.0, 1102, 6.0, 668, 5.4242263, 1067, 5.3664255, 3092, 5.3393726
506, 3415, 5.8786798, 3371, 5.6169057, 2773, 5.079289, 77, 5.0, 3038, 4.994374
507, 841, 5.2664375, 3149, 5.0, 2756, 5.0, 3816, 4.9833856, 1725, 4.86698
508, 1780, 5.5, 2773, 5.3159604, 385, 5.315301, 1111, 5.1213775, 136, 5.1132703
509, 681, 5.5, 3410, 4.763004, 2773, 4.7606077, 136, 4.66761, 3739, 4.6225605
510, 385, 6.5857863, 1102, 6.0, 2981, 5.5606604, 77, 5.5, 3410, 5.382616
511, 746, 5.8284273, 2086, 5.698661, 298, 5.254153, 1725, 5.252238, 1067, 5.184699
512, 2813, 7.0, 2773, 6.1108336, 1341, 6.0, 3410, 5.673691, 2754, 5.5
513, 3410, 4.9390836, 1111, 4.7785006, 136, 4.613994, 1002, 4.584699, 1169, 4.557396
514, 3816, 5.4127007, 2981, 5.3535533, 1725, 5.3321652, 1169, 5.294547, 649, 5.279227
515, 681, 4.730248, 2904, 4.4810185, 668, 4.459125, 106, 4.4260015, 3739, 4.4071403
516, 385, 4.844365, 124, 4.507469, 681, 4.5, 2773, 4.4041376, 668, 4.2143707
517, 2904, 5.6316447, 3410, 5.4761043, 3739, 5.4454308, 1067, 5.4117446, 136, 5.388061
518, 3371, 5.300827, 1563, 5.2789946, 3739, 5.2497125, 668, 5.2467794, 3816, 5.22521
519, 841, 5.0, 2773, 4.6282415, 106, 4.5, 2129, 4.4656854, 3637, 4.4485283
520, 681, 5.5, 668, 5.1157694, 2904, 5.1130238, 3739, 5.0441895, 649, 5.0333533
521, 106, 6.5, 136, 6.5, 3223, 5.575146, 385, 5.5, 2635, 5.5
522, 1102, 6.0, 136, 5.893778, 3410, 5.7173877, 1533, 5.620939, 1111, 5.5600004
523, 1879, 5.314559, 2773, 5.131013, 3410, 5.0936046, 681, 5.0, 3816, 4.967103
524, 681, 5.337543, 136, 5.234546, 668, 5.207732, 649, 5.163395, 2773, 5.1543922
525, 2773, 5.3626084, 385, 5.277224, 1743, 5.0275297, 3944, 5.0, 2981, 4.893778
526, 2773, 5.3736877, 3410, 5.230173, 1725, 5.122104, 3816, 5.0795484, 1879, 5.0592184
527, 1780, 5.5, 1067, 5.460496, 2847, 5.2917094, 136, 5.235702, 363, 5.234635
528, 1102, 6.0, 2773, 4.9779024, 167, 4.9350996, 1111, 4.918387, 136, 4.8611574
529, 136, 5.3382277, 1067, 5.009671, 649, 4.969123, 3447, 4.946891, 1879, 4.9400716
530, 136, 5.2204347, 106, 5.165361, 3944, 5.0, 385, 4.9963846, 1879, 4.928978
531, 3739, 4.7212377, 2773, 4.689767, 1111, 4.685344, 3410, 4.626371, 668, 4.5968423
532, 1102, 6.0, 77, 5.5, 2830, 5.2837377, 3816, 5.2635136, 1111, 5.132772
533, 3410, 5.0335183, 3944, 5.0, 1002, 5.0, 649, 4.9890847, 2773, 4.9608545
534, 681, 5.5, 1563, 5.490554, 841, 5.4424148, 3092, 5.01916, 2813, 4.9497476
535, 3449, 6.0, 2773, 5.6512394, 841, 5.5, 1899, 5.5, 2904, 5.5
536, 1102, 6.0, 3410, 5.571235, 2773, 5.551268, 1879, 5.481472, 385, 5.4405766
537, 3816, 5.0491633, 2523, 5.0, 1067, 4.9764047, 1871, 4.9253807, 649, 4.9247227
538, 106, 7.0, 136, 5.5690355, 841, 5.548449, 2904, 5.413368, 935, 5.1453943
539, 1780, 6.5, 3410, 5.8239827, 2773, 5.8184094, 385, 5.615224, 167, 5.138177
540, 2813, 4.5, 2756, 4.197825, 1563, 4.17924, 681, 4.0, 1780, 4.0
541, 136, 5.3286405, 106, 4.9384336, 1002, 4.723302, 3410, 4.714839, 841, 4.682433
542, 2773, 5.5237064, 746, 5.5, 124, 5.445903, 1111, 5.30492, 670, 5.154788
543, 3410, 5.768752, 2773, 5.5764685, 1111, 5.528887, 3739, 5.528731, 525, 5.497659
544, 3410, 6.071806, 1563, 5.4214993, 1067, 5.079988, 136, 5.0137258, 1879, 4.875277
545, 841, 5.2754364, 167, 5.142977, 746, 5.0, 668, 4.998903, 3739, 4.996069
546, 1067, 5.0541725, 3862, 5.052104, 2773, 4.8027105, 759, 4.7809587, 668, 4.7805185
547, 841, 5.180474, 2773, 5.0671916, 1780, 5.0, 1111, 4.986932, 649, 4.9137807
548, 2773, 4.728473, 649, 4.583328, 2904, 4.5024295, 298, 4.5, 1871, 4.5
549, 3410, 5.278322, 649, 5.263479, 668, 5.2166386, 2773, 5.1699576, 136, 5.1596775
550, 649, 5.085202, 3410, 4.999573, 136, 4.9499803, 668, 4.9039736, 3739, 4.899099
551, 681, 5.0, 136, 4.857612, 649, 4.795413, 3862, 4.7493, 668, 4.7357593
552, 1067, 5.491482, 668, 5.2682633, 670, 5.2615275, 136, 5.25, 649, 5.1497965
553, 841, 6.0, 1168, 5.5, 1341, 5.5, 3739, 5.381934, 3637, 5.3333335
554, 116, 5.849509, 1423, 5.596866, 844, 5.596866, 106, 5.5, 3637, 5.4358706
555, 385, 6.5, 3447, 5.1860547, 2773, 5.1541963, 649, 5.100062, 2238, 5.0970583
556, 3410, 4.9471607, 385, 4.753389, 2773, 4.702049, 3816, 4.7011123, 1067, 4.667418
557, 385, 6.2071066, 136, 6.0, 2773, 5.563748, 3410, 5.3923264, 3223, 5.3400702
558, 1780, 5.0, 1102, 4.7071066, 3816, 4.6765857, 3739, 4.551663, 3862, 4.5511646
559, 251, 5.5, 2981, 5.0, 3775, 4.5, 3487, 4.422682, 2830, 4.253202
560, 3410, 5.6249647, 1111, 5.5898266, 2773, 5.5785728, 3637, 5.3684964, 385, 5.343146
561, 1871, 7.0, 3351, 6.5, 136, 5.5, 1780, 5.5, 746, 5.5
562, 2813, 6.0, 106, 5.535534, 2773, 5.3574705, 1743, 5.3333335, 841, 5.0122647
563, 385, 5.8786798, 3410, 5.072044, 3816, 5.0562997, 1067, 4.955846, 649, 4.9510655
564, 2635, 5.5, 2652, 5.5, 3632, 4.93801, 3223, 4.9338417, 1874, 4.898595
565, 2773, 5.5066576, 3862, 5.5, 3410, 5.181526, 1879, 5.057946, 37, 5.0
566, 385, 4.4892983, 1657, 4.4084086, 3410, 4.283726, 124, 4.2419724, 2773, 4.1885047
567, 2773, 6.6803184, 385, 6.5, 304, 6.3407073, 3410, 6.3232064, 1111, 6.071723
568, 2773, 6.154822, 136, 5.8786798, 385, 5.8605604, 1879, 5.786115, 1871, 5.5
569, 3415, 6.3333335, 2904, 5.815301, 385, 5.5, 2981, 5.5, 722, 5.415933
570, 841, 5.6154795, 2523, 5.0, 2773, 4.9138627, 3739, 4.8715725, 649, 4.7719707
571, 106, 6.5, 961, 5.8646355, 2593, 5.812347, 1067, 5.5606604, 385, 5.3819246
572, 1865, 6.0, 124, 6.0, 2773, 5.9029436, 2963, 5.5024986, 3625, 5.5
573, 136, 5.5502524, 3640, 5.5, 681, 5.5, 2773, 5.2845626, 2593, 5.19835
574, 841, 6.0, 1341, 5.5, 136, 5.5, 3339, 5.4076505, 3371, 5.326475
575, 841, 5.6428313, 2773, 5.4922357, 385, 5.315301, 3410, 5.198098, 1111, 5.103005
576, 385, 5.5, 841, 5.331301, 3410, 4.9784856, 1563, 4.9564276, 136, 4.9367485
577, 649, 5.4123425, 3739, 5.405714, 668, 5.379533, 1111, 5.3629827, 2847, 5.321671
578, 1780, 5.4393396, 841, 5.3458047, 3371, 5.201145, 1879, 5.1944118, 3637, 5.029783
579, 841, 5.7135262, 3410, 5.251483, 1879, 5.2129354, 136, 5.0632515, 167, 5.0463023
580, 961, 5.571429, 3223, 5.557379, 3637, 5.5, 3306, 5.2928934, 1067, 5.135205
581, 136, 6.0, 841, 5.7819347, 2773, 5.781049, 1076, 5.751515, 2830, 5.660527
582, 2773, 6.2194586, 2981, 6.0, 841, 6.0, 3410, 5.893634, 3816, 5.7921386
583, 3410, 5.631434, 649, 5.4157925, 2773, 5.399808, 1725, 5.2109094, 3739, 5.1865096
584, 136, 5.4371047, 841, 5.3324995, 3637, 5.1442356, 2773, 5.123376, 1111, 5.1069264
585, 1780, 5.5, 2773, 4.727059, 3739, 4.5945916, 2847, 4.5410466, 2935, 4.5279417
586, 3816, 5.422981, 3410, 5.397029, 2981, 5.3535533, 3490, 5.2936263, 3223, 5.258617
587, 3739, 4.270303, 136, 4.109372, 668, 4.0652647, 2935, 4.0605574, 3470, 4.011247
588, 2773, 4.9275866, 3816, 4.9135103, 385, 4.904386, 649, 4.894656, 668, 4.8704667
589, 1879, 5.726427, 1780, 5.5, 1743, 5.4142137, 167, 5.2111826, 1725, 5.1436667
590, 3739, 5.2247787, 3637, 5.2058787, 2935, 5.1210537, 2847, 5.0767393, 2904, 5.075304
591, 649, 4.5779877, 3816, 4.4315863, 2904, 4.3215585, 844, 4.201923, 1423, 4.201923
592, 2813, 7.0, 2773, 6.6601887, 1743, 6.4243617, 841, 6.2630925, 2963, 5.966898
593, 841, 5.173691, 3415, 5.0, 746, 5.0, 3739, 4.828275, 649, 4.7995577
594, 1563, 5.612627, 668, 5.4352045, 3739, 5.357921, 841, 5.3574705, 2904, 5.342639
595, 3637, 5.7333245, 841, 5.7245636, 1341, 5.5, 1002, 5.0941253, 3862, 5.077952
596, 746, 5.5, 2773, 5.064216, 2981, 5.0, 77, 4.8786798, 1067, 4.8311715
597, 746, 6.1213202, 3371, 6.0937705, 2981, 6.0, 116, 5.904395, 841, 5.868949
598, 746, 6.0, 841, 5.071295, 136, 5.0663524, 2773, 5.027303, 116, 4.953868
599, 1341, 5.1213202, 1067, 5.1049733, 2756, 5.0, 37, 5.0, 1817, 5.0
600, 116, 6.030452, 3410, 5.6880445, 2056, 5.5, 3816, 5.407476, 3894, 5.1496563
601, 1563, 4.686555, 2773, 4.6160884, 167, 4.5016274, 649, 4.4919834, 136, 4.483302
602, 385, 6.2071066, 2773, 5.8469124, 136, 5.6464467, 3816, 5.6277547, 1067, 5.4430623
603, 2773, 5.1449795, 3371, 5.0026274, 1111, 4.9050703, 3410, 4.895892, 670, 4.883798
604, 1102, 5.0, 2773, 4.8677964, 3410, 4.8378935, 1111, 4.644192, 668, 4.5972548
605, 841, 6.5, 2773, 5.8780694, 136, 5.7054844, 681, 5.5, 3092, 5.1841087
606, 525, 5.1436067, 3447, 5.1128683, 3625, 5.0, 1002, 5.0, 2813, 5.0
607, 841, 6.0, 1743, 5.738796, 3371, 5.604467, 1067, 5.5, 1341, 5.5
608, 2773, 4.502207, 3223, 4.432141, 3739, 4.3906465, 1111, 4.314633, 2847, 4.3090324
609, 841, 6.2232747, 2773, 5.5489135, 1067, 5.5245967, 77, 5.4393396, 1871, 5.3814874
610, 1102, 6.0, 681, 5.5, 649, 4.8547883, 2773, 4.797738, 668, 4.7495174
611, 136, 5.365671, 3944, 5.0, 2773, 4.900008, 3737, 4.8869033, 363, 4.8053384
612, 3410, 5.6965556, 2773, 5.5287037, 124, 5.445903, 746, 5.0, 3862, 5.0
613, 841, 5.0522847, 3149, 5.0, 2904, 4.9060183, 1879, 4.8112626, 1657, 4.584463
614, 1002, 5.5, 3410, 5.372378, 2345, 4.9590654, 525, 4.9289007, 1169, 4.880369
615, 1102, 6.0, 385, 5.287987, 2773, 5.2219305, 3410, 5.170422, 681, 5.0
616, 2773, 5.608268, 841, 5.2505126, 3862, 5.169506, 3410, 5.154765, 3447, 5.104178
617, 136, 5.5, 1067, 5.443961, 2773, 5.409917, 37, 5.0, 124, 5.0
618, 3862, 5.5, 3415, 5.3333335, 2904, 4.8278327, 3880, 4.7903867, 3410, 4.788285
619, 841, 5.6118774, 385, 5.5210724, 2464, 5.5, 84, 5.20338, 3415, 5.06731
620, 3371, 5.074132, 136, 4.9740815, 2904, 4.958768, 124, 4.8984838, 3637, 4.844231
621, 385, 4.925373, 668, 4.87933, 1780, 4.8037148, 3816, 4.8020177, 2773, 4.7519608
622, 136, 4.734591, 1067, 4.6731973, 3223, 4.567515, 3371, 4.5426, 841, 4.5110793
623, 681, 5.5, 2773, 5.3135967, 649, 5.3027325, 136, 5.277645, 668, 5.275836
624, 3410, 4.688212, 3816, 4.65195, 3739, 4.5844455, 681, 4.554097, 136, 4.543548
625, 3637, 5.7928934, 136, 5.519434, 2904, 5.4605546, 106, 5.184699, 841, 5.173691
626, 2773, 5.8576384, 1879, 5.219893, 385, 5.1398835, 167, 5.0985265, 3410, 5.025195
627, 649, 5.5223527, 3862, 5.5, 841, 5.5, 136, 5.5, 668, 5.3655434
628, 3739, 5.182865, 1743, 5.096331, 3737, 5.012457, 2847, 4.981192, 1423, 4.9336476
629, 385, 5.5, 304, 5.355501, 2345, 5.1457834, 1102, 5.0, 136, 4.753219
630, 3816, 5.3789845, 668, 5.3028855, 1067, 5.1700144, 841, 5.1579914, 2981, 5.1213202
631, 2773, 5.2521167, 649, 5.005988, 3670, 5.0, 3816, 4.9844832, 1657, 4.908031
632, 1596, 6.5199056, 3637, 6.5, 1076, 6.1939807, 1879, 6.1464467, 2773, 6.130602
633, 3449, 5.5028453, 3371, 5.3419194, 136, 5.016751, 961, 5.0, 844, 5.0
634, 1102, 6.0, 3410, 5.683394, 3880, 5.504294, 124, 5.5, 385, 5.5
635, 649, 5.208376, 3816, 5.089874, 668, 5.040738, 3739, 5.039263, 2523, 5.0
636, 77, 7.0, 2773, 6.6993794, 3410, 6.588323, 385, 6.5, 136, 6.261204
637, 2813, 5.5, 3410, 5.236509, 2678, 4.9878745, 1111, 4.941739, 668, 4.8783145
638, 2813, 7.0, 3410, 6.2175, 746, 6.0, 2773, 5.866188, 3415, 5.8000374
639, 3410, 5.5083733, 2773, 5.1248035, 136, 4.961171, 1111, 4.9313126, 124, 4.848973
640, 1743, 5.726541, 2773, 5.50986, 167, 5.4868007, 2904, 5.4714046, 3737, 5.433676
641, 1067, 4.869401, 668, 4.6994286, 649, 4.6801286, 2464, 4.677894, 3739, 4.6307416
642, 136, 8.0, 1871, 6.5, 2773, 6.3924713, 961, 6.0, 3223, 5.4303813
643, 1067, 5.5, 841, 5.377182, 116, 5.0472407, 2981, 5.0, 3371, 4.7670074
644, 1067, 5.6784472, 681, 5.5, 3223, 4.9650335, 649, 4.8987675, 136, 4.789799
645, 1341, 5.5, 841, 5.4537177, 136, 5.0985093, 649, 5.0362372, 1874, 5.013482
646, 3410, 5.058439, 2773, 5.0072875, 1102, 5.0, 1111, 4.828428, 3816, 4.785312
647, 136, 5.5512915, 649, 5.3646617, 3862, 5.2928934, 3637, 5.28415, 2773, 5.2677317
648, 681, 5.5, 3371, 5.1182356, 2935, 4.986753, 136, 4.9434357, 3223, 4.941234
649, 3223, 5.5815425, 136, 5.5, 1111, 5.385646, 2773, 5.383491, 2830, 5.3070703
650, 2904, 6.0, 3410, 5.9509172, 2773, 5.722205, 668, 5.6356845, 649, 5.5472403
651, 2773, 5.1599665, 681, 5.1213202, 1067, 4.9986615, 668, 4.949779, 3410, 4.945884
652, 106, 6.5, 746, 5.3535533, 136, 5.0790086, 841, 5.06387, 668, 4.8545804
653, 746, 6.0, 844, 5.6262264, 1423, 5.6262264, 136, 5.60719, 3371, 5.4680595
654, 841, 5.173691, 3410, 4.787264, 1002, 4.7343607, 649, 4.734064, 1111, 4.680565
655, 2981, 4.1213202, 681, 4.0, 2904, 3.9430604, 1002, 3.898322, 649, 3.8860202
656, 136, 4.674035, 1067, 4.658629, 3816, 4.637641, 304, 4.616244, 2678, 4.538549
657, 746, 7.0, 3637, 5.3398113, 3816, 5.323466, 844, 5.295637, 1423, 5.295637
658, 106, 5.5, 2904, 5.1563563, 385, 5.0, 3149, 5.0, 1743, 4.9274735
659, 136, 4.905393, 3739, 4.8801336, 841, 4.7290235, 251, 4.655904, 3223, 4.6399894
660, 1657, 4.559699, 2773, 4.5264063, 1111, 4.432498, 3739, 4.4154415, 3410, 4.319949
661, 2773, 5.9618115, 1879, 5.8278203, 3410, 5.610681, 3816, 5.527657, 649, 5.4886
662, 3410, 5.3097086, 2773, 5.18943, 385, 5.097631, 841, 5.0629888, 77, 4.962586
663, 1067, 5.8786798, 2773, 5.6621594, 3410, 5.4396057, 2927, 5.283849, 670, 5.263659
664, 2773, 5.3757787, 649, 5.2423925, 681, 5.184699, 3816, 5.053197, 1879, 4.9776573
665, 77, 7.0, 106, 6.0, 1067, 5.445903, 2593, 5.3333335, 649, 5.232233
666, 2981, 4.928932, 3739, 4.9149, 3371, 4.8773713, 2847, 4.858757, 3223, 4.8566027
667, 2773, 5.563656, 1743, 5.5083647, 136, 5.463508, 1725, 5.0866885, 961, 4.9692206
668, 106, 6.5, 746, 5.5, 136, 5.5, 1067, 5.3333335, 1076, 5.230043
669, 841, 5.5745564, 3737, 5.202776, 3410, 5.20112, 2904, 5.1792145, 1111, 5.1550956
670, 681, 4.554097, 2635, 4.5, 2652, 4.5, 3371, 4.459484, 3816, 4.44912
671, 1067, 5.162309, 681, 5.0696187, 3447, 4.9184685, 668, 4.878078, 649, 4.83854
672, 3944, 5.0, 2773, 4.9800715, 3410, 4.975602, 3415, 4.851133, 670, 4.825683
673, 681, 5.5, 2523, 5.0, 2904, 4.9677286, 841, 4.641369, 3739, 4.501235
674, 136, 5.7338557, 649, 5.3692675, 3410, 5.3651366, 106, 5.232943, 3816, 5.203945
675, 2830, 5.5109005, 841, 5.474226, 1743, 5.293934, 3862, 5.2928934, 668, 5.206725
676, 2773, 4.6039333, 1743, 4.5715003, 3739, 4.5167136, 124, 4.5136194, 1111, 4.504141
677, 1780, 5.5, 3149, 5.173691, 3944, 5.0, 841, 4.982771, 2904, 4.867739
678, 3739, 5.097627, 3410, 5.075387, 1111, 5.0581393, 670, 4.969212, 2773, 4.9671144
679, 649, 4.8861303, 3816, 4.8460217, 668, 4.749172, 2773, 4.6741023, 670, 4.666686
680, 841, 6.196871, 1067, 5.675045, 385, 5.5, 136, 5.5, 844, 5.5
681, 1002, 5.8786798, 3223, 5.6151013, 3410, 5.6040926, 1067, 5.5828195, 3679, 5.569338
682, 841, 5.3362927, 3470, 5.2586265, 668, 5.2513957, 3223, 5.213858, 2847, 5.183034
683, 3410, 6.1860347, 649, 5.7935205, 3680, 5.529696, 3816, 5.4907923, 1067, 5.3458047
684, 3371, 5.95942, 3415, 5.8786798, 1067, 5.5, 3637, 5.3458047, 116, 5.334739
685, 1102, 6.0, 3410, 5.148821, 2773, 5.1066265, 124, 4.815301, 2813, 4.783612
686, 2981, 6.0, 3415, 5.4117208, 3371, 5.2579336, 844, 5.160053, 1423, 5.160053
687, 2904, 5.3020887, 1102, 5.1213202, 668, 5.018812, 3371, 5.0156155, 1111, 4.97717
688, 3637, 5.0, 124, 4.6666665, 3816, 4.6545367, 3862, 4.5857863, 1067, 4.5279703
689, 2773, 5.5611267, 746, 5.5, 1111, 4.9842186, 3739, 4.956037, 3410, 4.9352126
690, 2773, 5.6621056, 3410, 5.6399155, 136, 5.3840904, 385, 5.3769617, 1111, 5.3050623
691, 3739, 5.1177454, 3816, 5.034952, 681, 5.0, 668, 4.9702344, 2847, 4.964114
692, 668, 5.145171, 2904, 5.1425533, 3739, 5.1129775, 649, 5.10106, 670, 5.071919
693, 841, 5.983249, 1067, 5.710884, 3415, 5.517692, 649, 5.2567964, 124, 5.1930776
694, 1067, 6.35009, 841, 6.0, 3415, 5.438779, 649, 5.3326983, 2981, 5.1464467
695, 2773, 5.5206866, 746, 5.141243, 2904, 5.1393347, 1111, 5.052736, 3410, 5.024421
696, 649, 4.9211535, 136, 4.87228, 3816, 4.8640165, 2773, 4.845439, 2904, 4.8336554
697, 841, 5.8407974, 681, 5.5, 3415, 4.973624, 3816, 4.7962613, 1076, 4.795514
698, 136, 4.7112446, 3410, 4.6951876, 1743, 4.6760435, 668, 4.6027164, 649, 4.577556
699, 2773, 4.927523, 3410, 4.7823005, 649, 4.760855, 1111, 4.738398, 1002, 4.687398
700, 136, 6.5, 385, 6.0, 2773, 5.6541953, 2593, 5.0938363, 649, 5.06548
701, 2773, 4.6026096, 385, 4.5784273, 136, 4.5716553, 2830, 4.5255184, 3415, 4.5223413
702, 2523, 5.0, 649, 4.5631733, 3816, 4.5066557, 3739, 4.4783964, 668, 4.45783
703, 1067, 5.231331, 2773, 5.227348, 3410, 5.048621, 3092, 4.965945, 2904, 4.9587073
704, 2465, 5.5, 681, 5.5, 369, 5.5, 1725, 5.369398, 3637, 5.0840373
705, 2773, 5.524975, 3410, 5.245194, 3415, 5.150215, 1743, 5.127492, 1102, 5.0
706, 3415, 5.5044146, 935, 4.819636, 2740, 4.815301, 3739, 4.769955, 746, 4.7420206
707, 136, 5.176777, 2773, 5.176474, 385, 5.1394396, 2981, 5.0, 3410, 4.9685473
708, 2345, 5.1867666, 2773, 5.0643086, 3410, 5.0288224, 1743, 5.0, 3470, 4.802726
709, 2904, 6.0606604, 960, 6.0, 649, 5.8918056, 1725, 5.815301, 2345, 5.686846
710, 2773, 5.0858297, 681, 5.0, 668, 4.971637, 3410, 4.930482, 649, 4.9159584
711, 668, 4.7740545, 649, 4.7452703, 841, 4.691651, 3739, 4.6902723, 1067, 4.669229
712, 2773, 5.223894, 3410, 5.010998, 1111, 4.9529805, 668, 4.8189206, 841, 4.8136334
713, 1102, 5.0, 681, 5.0, 1067, 4.56777, 136, 4.542574, 2773, 4.5387945
714, 3410, 5.972332, 2773, 5.800173, 1111, 5.72111, 1169, 5.5389495, 1743, 5.520592
715, 2773, 5.5826616, 681, 5.5, 3410, 5.1604214, 2981, 5.0816817, 385, 5.0678983
716, 3410, 5.7509923, 2773, 5.737747, 136, 5.641684, 1111, 5.5156665, 668, 5.366999
717, 2773, 5.6457686, 3410, 5.028, 670, 4.7017403, 1111, 4.5653486, 746, 4.5444736
718, 2773, 5.460061, 1111, 5.1211486, 3371, 5.0974145, 3739, 5.079878, 124, 5.0641885
719, 2773, 4.598577, 2830, 4.5052857, 2963, 4.503766, 746, 4.5, 3470, 4.4703894
720, 2773, 5.0575514, 124, 4.451665, 649, 4.286907, 3410, 4.2820635, 1111, 4.2666183
721, 2773, 5.0507393, 1102, 5.0, 1111, 4.810984, 3739, 4.7933507, 3410, 4.7685924
722, 1563, 5.286142, 136, 5.21257, 2773, 5.1278496, 2847, 4.9305935, 3223, 4.9128685
723, 3415, 6.3333335, 2813, 6.0, 1743, 5.8043203, 841, 5.7928934, 3223, 5.730248
724, 2464, 6.0, 746, 4.9739075, 1932, 4.8777084, 3739, 4.871912, 3371, 4.823158
725, 681, 5.184699, 1879, 5.030995, 1063, 5.0, 841, 4.9859858, 3739, 4.928382
726, 77, 5.5, 3739, 5.427572, 136, 5.240499, 2830, 5.2291102, 1068, 5.1587157
727, 1780, 5.5, 2523, 5.0, 1067, 4.742369, 136, 4.646818, 3739, 4.626147
728, 841, 5.3458047, 1102, 5.0, 3415, 4.784924, 3739, 4.644067, 649, 4.482458
729, 681, 5.5, 2773, 5.1929793, 136, 5.1417737, 1111, 5.0237985, 3410, 5.009757
730, 1879, 5.5370774, 1780, 5.5, 3816, 5.1759973, 2904, 5.0154324, 3149, 5.0
731, 668, 5.1206145, 3410, 5.1077967, 3816, 5.019438, 2773, 4.9836445, 1111, 4.977695
732, 2813, 7.0, 2773, 4.854503, 167, 4.5261855, 3739, 4.5177045, 1111, 4.514426
733, 385, 5.2122197, 2847, 5.0913734, 1102, 5.0, 3739, 4.996867, 670, 4.965024
734, 1743, 5.5, 3410, 5.235017, 1486, 5.0, 961, 5.0, 2610, 4.914972
735, 2773, 5.1400332, 3410, 5.006379, 1102, 5.0, 668, 4.942357, 1111, 4.9120784
736, 1780, 5.5, 2773, 5.4511614, 363, 5.2115097, 1111, 5.192539, 2830, 5.1906114
737, 681, 4.8527875, 2773, 4.6798325, 649, 4.676838, 1879, 4.594513, 3816, 4.474576
738, 136, 7.5, 1743, 6.3333335, 1725, 5.8595767, 2773, 5.6809645, 1002, 5.5
739, 3410, 6.019584, 1102, 6.0, 2773, 5.825379, 136, 5.7890134, 106, 5.7546406
740, 2773, 6.136654, 3410, 5.815531, 385, 5.5482793, 2830, 5.5406036, 649, 5.5038657
741, 961, 6.5, 1486, 6.0, 406, 6.0, 1067, 6.0, 106, 6.0
742, 136, 6.344096, 2773, 6.117449, 1102, 6.0, 2963, 5.743926, 1111, 5.6575456
743, 1780, 5.5, 681, 5.0, 3862, 4.59312, 2981, 4.5, 668, 4.4877
744, 2813, 5.267767, 3410, 4.9568243, 2773, 4.947827, 1111, 4.8166547, 1879, 4.7630796
745, 136, 6.0, 369, 5.5, 1725, 5.3968644, 753, 5.2573595, 1743, 5.1601887
746, 3410, 4.2321587, 2773, 4.1691628, 1111, 4.120704, 1169, 4.0389023, 2847, 4.002258
747, 136, 6.5, 2773, 5.5586977, 1780, 5.5, 3410, 5.1037083, 841, 5.0601416
748, 1780, 5.5, 136, 5.273678, 841, 5.241754, 1067, 5.224617, 3410, 5.1850524
749, 2773, 4.596243, 2813, 4.535534, 3410, 4.452552, 1563, 4.269531, 3739, 4.2566333
750, 2464, 5.5, 385, 5.162291, 3371, 5.116242, 649, 5.04457, 2773, 5.024908
751, 2981, 6.0, 2773, 5.6457195, 3410, 5.5486445, 1067, 5.5, 670, 5.227167
752, 649, 4.6510134, 681, 4.545005, 1657, 4.4689703, 3816, 4.3318844, 668, 4.308173
753, 2773, 5.8816295, 136, 5.7421045, 3410, 5.6567965, 1743, 5.554097, 2830, 5.367018
754, 2773, 5.701142, 3410, 5.1593075, 841, 5.0857863, 124, 4.9525414, 3470, 4.870886
755, 1780, 5.554097, 3637, 4.9621553, 649, 4.9294066, 3410, 4.9058814, 385, 4.8627415
756, 2773, 5.576421, 1067, 5.4588885, 841, 5.2963705, 1879, 5.2085843, 2904, 5.142897
757, 3410, 4.947505, 124, 4.9287834, 2773, 4.888713, 668, 4.8648944, 1111, 4.828183
758, 2129, 5.1325455, 649, 5.124978, 2830, 5.030479, 124, 5.0, 3816, 4.928679
759, 3415, 5.5469184, 1002, 5.269752, 668, 5.250203, 722, 5.1580324, 298, 5.137198
760, 3816, 5.072684, 649, 5.03637, 167, 5.0299063, 1002, 5.0, 746, 5.0
761, 2773, 6.6144605, 136, 6.5, 385, 6.0, 3410, 5.956537, 1743, 5.8784275
762, 385, 7.0, 1102, 6.0, 3410, 5.8744264, 3637, 5.677894, 1341, 5.369398
763, 106, 6.0, 1879, 5.3457174, 136, 5.15301, 841, 4.959029, 2773, 4.946674
764, 3410, 6.0901976, 1563, 6.0860243, 385, 6.0, 2773, 5.7467303, 3637, 5.7414947
765, 1102, 5.0, 3410, 4.9374895, 1111, 4.9000106, 2773, 4.863452, 3739, 4.8191757
766, 304, 5.5, 3410, 5.1856065, 649, 5.1464467, 668, 5.0993214, 670, 5.0471587
767, 3410, 5.6316133, 1657, 5.5, 681, 5.5, 1879, 5.4609103, 167, 5.3156075
768, 136, 6.4142137, 746, 6.0765047, 1932, 6.073776, 304, 5.8398113, 2773, 5.7913494
769, 649, 4.837646, 136, 4.754955, 681, 4.7147374, 385, 4.7071066, 1002, 4.673691
770, 3410, 4.5437493, 2773, 4.5242624, 3739, 4.5088105, 1111, 4.467949, 668, 4.458784
771, 2813, 6.0, 3410, 5.2814636, 2773, 5.171914, 2904, 4.9486794, 3880, 4.8965616
772, 841, 5.942381, 2773, 5.8748226, 385, 5.7198973, 3816, 5.503219, 3415, 5.5
773, 841, 5.2852626, 3816, 5.060098, 649, 5.0184493, 961, 5.0, 2773, 4.9000177
774, 841, 4.703457, 3670, 4.5, 2773, 4.4924145, 649, 4.3710394, 3092, 4.324349
775, 2773, 5.6517835, 844, 5.5, 3415, 5.5, 1423, 5.5, 2847, 5.373541
776, 1725, 5.2034345, 3816, 5.112656, 649, 5.000517, 841, 4.9771166, 1879, 4.959589
777, 2773, 4.2304626, 3410, 4.2223706, 1111, 4.078438, 681, 4.0, 3739, 3.9520214
778, 3410, 5.6413074, 385, 5.5, 841, 5.3291607, 1111, 5.320762, 1067, 5.278231
779, 3875, 5.0, 2830, 4.9447465, 1169, 4.804611, 214, 4.756421, 363, 4.687526
780, 3410, 5.105494, 746, 5.0404572, 124, 4.9247413, 1111, 4.8688602, 136, 4.858032
781, 385, 5.928932, 841, 5.8578644, 2773, 5.657119, 3410, 5.5507627, 1111, 5.3401194
782, 649, 5.15294, 2773, 5.0828266, 668, 5.0554547, 670, 4.8937645, 2935, 4.810155
783, 1780, 6.5, 681, 5.5, 3410, 5.467488, 746, 5.445903, 841, 5.25573
784, 3351, 6.5, 841, 6.5, 1780, 6.226541, 136, 6.1464467, 2773, 5.7875314
785, 3410, 4.818335, 1002, 4.6759334, 1111, 4.5062394, 385, 4.4682093, 1743, 4.462543
786, 385, 6.2928934, 1102, 6.0, 77, 5.962586, 3410, 5.8343987, 1111, 5.746136
787, 2904, 5.147987, 649, 5.126306, 3371, 5.1033063, 841, 5.0421968, 3739, 5.0165343
788, 1657, 4.9142137, 2981, 4.8786798, 3410, 4.82823, 1111, 4.808033, 525, 4.7817607
789, 841, 5.323185, 2773, 5.303453, 385, 4.8605604, 3816, 4.7718763, 124, 4.730248
790, 136, 6.5, 3410, 6.4598484, 2773, 6.3664994, 649, 6.3333335, 3415, 6.1233335
791, 2773, 5.6809564, 3410, 5.5821667, 1111, 5.3863735, 136, 5.3825445, 668, 5.3109026
792, 2773, 4.748731, 670, 4.58955, 2830, 4.572227, 668, 4.5550237, 2345, 4.5165067
793, 3410, 4.5105767, 3670, 4.5, 1067, 4.4700723, 668, 4.400115, 2773, 4.3955755
794, 1879, 5.6541953, 167, 5.0938363, 718, 5.0, 37, 5.0, 385, 5.0
795, 3739, 4.719734, 2981, 4.7071066, 3737, 4.6942086, 668, 4.62543, 3371, 4.6115317
796, 681, 5.0642824, 2773, 4.4737377, 3816, 4.283648, 1063, 4.2754364, 2904, 4.202466
797, 649, 5.714677, 2842, 5.5, 1546, 5.2069297, 1563, 5.1740465, 3816, 5.1380734
798, 1102, 6.0, 3410, 4.918303, 2773, 4.837824, 136, 4.789145, 167, 4.650792
799, 2813, 7.0, 1067, 6.5, 2129, 6.0, 649, 5.958022, 136, 5.8786798
800, 1102, 6.0, 681, 5.5, 385, 4.9363537, 3410, 4.863215, 136, 4.66305
801, 841, 4.945783, 2904, 4.5854983, 3739, 4.5678873, 3670, 4.5, 668, 4.485348
802, 2773, 5.283939, 3410, 5.2215343, 1111, 5.15005, 3739, 5.1300974, 668, 5.122803
803, 3410, 5.6182814, 1871, 5.5, 136, 5.363105, 1111, 5.221489, 2773, 5.204832
804, 2756, 5.1081944, 841, 4.826309, 844, 4.6818986, 1423, 4.6818986, 1563, 4.67076
805, 841, 6.5, 2773, 5.8227286, 722, 5.7250996, 1341, 5.5, 136, 5.4503527
806, 841, 5.176009, 649, 4.938811, 136, 4.906983, 3816, 4.8713093, 1657, 4.8672953
807, 3410, 6.3645153, 2773, 6.2630496, 167, 5.655135, 136, 5.5, 106, 5.5
808, 1879, 5.455831, 2773, 5.263837, 385, 5.084567, 961, 4.8548026, 1111, 4.7759953
809, 1780, 6.226541, 3415, 5.928781, 1743, 5.648274, 3410, 5.3327985, 525, 5.331022
810, 841, 5.829736, 681, 5.269752, 136, 5.2160316, 3223, 5.059062, 3816, 5.053322
811, 841, 5.29244, 1067, 5.1241536, 136, 5.022097, 649, 4.971566, 3816, 4.9693055
812, 841, 6.0, 2773, 5.8926606, 722, 5.669012, 3894, 5.307107, 961, 5.2928934
813, 841, 5.0, 3739, 4.9934955, 2904, 4.902369, 722, 4.8297243, 649, 4.812147
814, 2773, 6.532136, 2056, 6.0, 106, 6.0, 2981, 5.7071066, 385, 5.656854
815, 116, 7.631899, 1743, 6.4046283, 841, 6.1608653, 106, 5.815301, 2830, 5.708037
816, 2773, 5.1178055, 136, 4.8416944, 3816, 4.779199, 668, 4.7743077, 385, 4.6645913
817, 3410, 5.9389205, 1111, 5.660656, 2773, 5.4809136, 668, 5.4801445, 1169, 5.4744396
818, 681, 5.5, 841, 5.4736843, 2773, 5.383653, 649, 5.2595596, 3415, 5.1874075
819, 3415, 5.5621214, 3410, 5.0364785, 1932, 5.0007467, 106, 5.0, 1111, 4.987073
820, 1780, 6.5, 136, 5.4393396, 3410, 5.300193, 2773, 5.134143, 1002, 4.95956
821, 385, 5.0, 298, 5.0, 1002, 4.7819347, 167, 4.6878557, 1879, 4.6828427
822, 1102, 6.0, 1780, 5.0251265, 3410, 4.970283, 2773, 4.8929663, 3092, 4.8336716
823, 2904, 4.877204, 3739, 4.82506, 1879, 4.8154573, 2847, 4.791178, 668, 4.77802
824, 3944, 5.0, 668, 4.667372, 3816, 4.6667886, 2773, 4.622594, 136, 4.589855
825, 2756, 5.0, 2056, 5.0, 2055, 4.5857863, 1067, 4.52284, 2635, 4.5
826, 1657, 5.0, 1067, 4.6666665, 2773, 4.2510386, 385, 4.215835, 3637, 4.0558677
827, 2773, 6.1277394, 2652, 6.0, 2635, 6.0, 1879, 5.2852626, 3410, 5.1251707
828, 2773, 5.759826, 2464, 5.5857863, 385, 5.5, 167, 5.2708898, 3739, 4.9875135
829, 3816, 5.0857716, 649, 5.0725217, 681, 4.9568825, 1879, 4.898359, 841, 4.8965087
830, 2773, 4.743979, 3223, 4.59157, 2904, 4.58372, 3490, 4.53512, 3134, 4.436767
831, 2773, 5.4434023, 841, 5.1873217, 1743, 5.176777, 2904, 5.1662774, 3739, 5.1134777
832, 2904, 5.323486, 1102, 5.0, 3739, 4.9861913, 844, 4.9419417, 1423, 4.9419417
833, 1067, 7.0, 841, 6.0, 3637, 5.978083, 2847, 5.746332, 3371, 5.6464467
834, 2773, 6.423019, 841, 5.5, 2185, 5.422048, 1563, 5.347146, 1111, 5.21545
835, 1067, 7.0, 3808, 5.9758925, 2238, 5.8582225, 1932, 5.846213, 668, 5.5979214
836, 3862, 5.5, 1563, 5.364612, 649, 5.0622234, 1879, 5.0551205, 2830, 5.037338
837, 3944, 5.0, 841, 4.9745183, 1341, 4.0411816, 2635, 4.0, 1780, 4.0
838, 385, 5.5, 2773, 5.488109, 1743, 5.4224195, 2935, 5.3119545, 2927, 5.2373505
839, 668, 5.193911, 3739, 5.189408, 681, 5.1472125, 3816, 5.139596, 1002, 5.0917974
840, 681, 5.5, 649, 5.30163, 3410, 5.295089, 3816, 5.294486, 668, 5.238655
841, 1067, 6.5, 2773, 5.7233334, 670, 5.376328, 1879, 5.1601624, 3030, 5.139154
842, 3677, 5.3129296, 136, 5.142672, 961, 5.0, 385, 5.0, 2935, 4.8934517
843, 841, 5.245045, 385, 5.056343, 3739, 5.0540333, 167, 5.0535583, 3149, 5.0
844, 681, 5.5, 106, 5.2521114, 3670, 4.5, 1067, 4.4249115, 649, 4.424795
845, 841, 6.3458047, 484, 5.5, 3371, 5.1106577, 3862, 5.0, 844, 4.9840937
846, 2773, 5.3026, 3410, 5.1782093, 136, 5.166103, 668, 5.16239, 1111, 5.103742
847, 385, 5.2180653, 3149, 5.0, 136, 4.9241095, 220, 4.815301, 3737, 4.765027
848, 841, 6.232233, 1341, 5.5, 2981, 5.2928934, 2904, 5.099294, 3415, 5.072435
849, 124, 5.5, 1780, 5.5, 2773, 4.9269633, 3410, 4.7436905, 668, 4.655725
850, 3816, 4.559056, 681, 4.527873, 668, 4.5134206, 3739, 4.4516983, 2673, 4.445903
851, 2773, 5.7805233, 1743, 5.5728474, 385, 5.427531, 124, 5.273459, 106, 5.1081944
852, 722, 5.2205086, 167, 5.0855994, 3410, 5.039062, 106, 5.0, 2056, 5.0
853, 2981, 5.7071066, 2773, 5.562292, 106, 5.445903, 3410, 5.2865376, 1076, 5.198693
854, 3739, 4.5068073, 935, 4.4667745, 1111, 4.459345, 668, 4.4278235, 136, 4.3955173
855, 136, 4.8415747, 3739, 4.718586, 668, 4.634688, 3410, 4.6298537, 649, 4.578853
856, 824, 5.1809874, 841, 4.9012923, 649, 4.8595433, 3862, 4.8408027, 2773, 4.8256254
857, 649, 5.0973163, 3474, 5.0, 385, 4.9441323, 668, 4.8242135, 1067, 4.819368
858, 3410, 5.276781, 2773, 5.2444963, 136, 5.174466, 3447, 5.1360936, 668, 5.1351476
859, 2773, 5.7319207, 3410, 5.113458, 1169, 5.033989, 1111, 5.026851, 2066, 5.023995
860, 961, 6.5, 2756, 5.5, 1067, 5.5, 136, 5.0, 3805, 4.925428
861, 841, 6.5, 77, 5.5, 136, 5.4393396, 1879, 5.4034224, 3737, 5.2916107
862, 1067, 5.025503, 2904, 4.619726, 3223, 4.4753723, 2935, 4.4688687, 3470, 4.4466333
863, 3410, 5.7286143, 2773, 5.6097627, 106, 5.535534, 3415, 5.501764, 1780, 5.5
864, 2813, 7.0, 681, 5.1213202, 136, 5.0178986, 3816, 4.9605365, 1002, 4.9367485
865, 2773, 5.556532, 2904, 4.9605303, 136, 4.9387016, 841, 4.899495, 3816, 4.670907
866, 2773, 5.8384485, 841, 5.226541, 1743, 5.1715727, 136, 5.0765047, 2963, 5.05679
867, 2773, 5.0804243, 841, 5.0257382, 961, 4.9380198, 1067, 4.899969, 935, 4.753374
868, 1563, 5.3919144, 2813, 5.0, 2129, 5.0, 2509, 5.0, 106, 5.0
869, 2773, 5.3309584, 3410, 5.266053, 1111, 5.056883, 668, 5.023134, 3739, 5.006664
870, 2981, 6.0, 136, 5.656854, 1743, 5.6525807, 106, 5.5, 3410, 5.349556
871, 1743, 6.1666665, 116, 6.0, 3677, 5.9794054, 2773, 5.8568244, 3223, 5.730248
872, 1102, 5.0, 2773, 4.7395535, 136, 4.620817, 668, 4.575443, 649, 4.5157495
873, 1563, 5.243079, 3739, 4.76565, 649, 4.738902, 841, 4.6699104, 668, 4.5907755
874, 1879, 6.047461, 3306, 5.8786798, 649, 5.815301, 3816, 5.75, 876, 5.538605
875, 2773, 6.146544, 167, 5.6885777, 385, 5.5590377, 649, 5.272037, 670, 5.2265754
876, 3410, 5.5933666, 2813, 5.535534, 841, 5.5096374, 106, 5.325902, 2773, 5.1824393
877, 681, 5.184699, 3410, 5.170696, 2773, 5.0891104, 1102, 5.0, 136, 4.970897
878, 2904, 6.5, 1780, 6.5, 2773, 6.0927, 1102, 6.0, 649, 5.984216
879, 2981, 5.5, 3816, 5.4622912, 298, 5.08062, 3415, 5.057191, 3447, 5.0537386
880, 385, 6.5, 2773, 6.0503173, 2056, 6.0, 3816, 5.745598, 649, 5.7091556
881, 1780, 4.947277, 841, 4.7009277, 3410, 4.6031294, 2773, 4.5800724, 668, 4.5575128
882, 2129, 6.0, 1102, 6.0, 77, 6.0, 1780, 6.0, 649, 5.8878107
883, 1067, 6.5, 2773, 4.8047137, 670, 4.528107, 3371, 4.525774, 1423, 4.5
884, 136, 6.0867476, 3410, 5.4149923, 2773, 5.2893863, 649, 5.2815046, 3816, 5.2755513
885, 136, 6.0, 2981, 5.7071066, 1657, 5.3458047, 1879, 5.3406663, 2773, 5.286715
886, 649, 5.095905, 2937, 4.8671637, 2935, 4.8477006, 167, 4.8453374, 841, 4.8333335
887, 841, 5.138931, 136, 4.600207, 2773, 4.583292, 2904, 4.5111027, 3137, 4.5
888, 2773, 5.637238, 167, 5.4582543, 385, 5.2928934, 844, 5.2393956, 1423, 5.2393956
889, 681, 5.0431175, 2904, 4.2923164, 668, 4.2448874, 136, 4.2098136, 1067, 4.1278343
890, 3410, 5.671392, 1111, 5.6639833, 106, 5.5224075, 2773, 5.3171086, 525, 5.286482
891, 2773, 5.153203, 681, 5.1073685, 1067, 4.914295, 668, 4.882105, 2935, 4.8675356
892, 2773, 5.651992, 3880, 5.401577, 2678, 5.2928934, 1879, 5.2165465, 649, 5.1498313
893, 116, 5.217824, 1423, 5.2044716, 844, 5.2044716, 2773, 5.1669636, 1067, 5.0
894, 2773, 6.0158963, 3410, 5.7828655, 668, 5.5607386, 1780, 5.5, 2904, 5.4883685
895, 385, 6.5, 841, 6.0, 681, 5.5, 2981, 5.2928934, 2830, 5.2599554
896, 2773, 6.1563144, 1563, 5.7901506, 3637, 5.7707105, 3470, 5.5864573, 2830, 5.5644464
897, 2904, 5.0017815, 136, 4.9811983, 1002, 4.9806037, 2830, 4.919049, 1076, 4.826879
898, 1780, 6.5, 1002, 5.8786798, 746, 5.8786798, 841, 5.5285954, 2773, 5.464523
899, 668, 4.7848134, 136, 4.6934934, 3739, 4.661081, 1111, 4.631371, 670, 4.607149
900, 3339, 6.0, 2981, 6.0, 841, 6.0, 3371, 5.650707, 681, 5.5
901, 136, 5.5, 106, 5.5, 2773, 5.257983, 1002, 5.0343494, 746, 5.0
902, 2773, 8.0, 385, 7.0, 3410, 6.8523164, 167, 6.5, 1879, 6.5
903, 681, 5.1213202, 2981, 5.0, 3371, 4.5666986, 2773, 4.511745, 3816, 4.4589014
904, 2773, 4.8772225, 1111, 4.4268413, 304, 4.375159, 3739, 4.3134975, 2019, 4.3109365
905, 136, 5.1102943, 649, 5.0837564, 841, 5.052422, 2773, 5.0471025, 2904, 5.0293365
906, 3410, 6.8926315, 1871, 6.5, 136, 6.3458047, 649, 6.3333335, 668, 6.299307
907, 3306, 5.1081944, 841, 5.1081944, 1067, 5.023423, 1879, 4.66732, 3816, 4.5254245
908, 106, 6.5, 385, 5.32368, 1725, 5.2287817, 3137, 5.0, 2981, 5.0
909, 681, 5.0, 136, 4.970457, 1725, 4.876076, 668, 4.863695, 3223, 4.8592725
910, 649, 4.7560134, 3739, 4.668537, 1563, 4.6241307, 670, 4.6068077, 1111, 4.5640883
911, 2773, 5.0645123, 1102, 5.0, 3410, 4.922549, 3739, 4.921179, 1111, 4.9159565
912, 2756, 5.5, 1657, 5.0, 2813, 4.8918056, 2904, 4.851689, 2981, 4.764298
913, 2904, 7.0, 1879, 5.7928934, 3410, 5.781418, 841, 5.5, 385, 5.5
914, 2635, 5.5, 2652, 5.5, 1067, 5.089199, 37, 5.0, 2756, 5.0
915, 649, 5.965856, 3415, 5.278568, 2773, 5.234899, 2904, 4.964466, 1111, 4.946715
916, 2773, 5.3726306, 3410, 5.307842, 385, 5.131007, 1879, 5.125795, 1725, 5.0090733
917, 841, 6.5, 2773, 6.0836763, 1067, 5.8426995, 1879, 5.6976523, 385, 5.5816817
918, 2904, 4.9900494, 2773, 4.7633095, 1111, 4.377395, 841, 4.3333335, 722, 4.3186436
919, 3410, 5.0886602, 1111, 4.990354, 668, 4.9876986, 136, 4.983695, 3739, 4.967458
920, 2129, 7.0, 136, 5.8176937, 746, 5.815301, 649, 5.547631, 1002, 5.539504
921, 3410, 5.062102, 385, 5.008395, 1102, 5.0, 841, 4.937344, 2981, 4.895129
922, 681, 5.0, 136, 4.981195, 2773, 4.911743, 668, 4.888875, 1111, 4.847726
923, 841, 5.0, 1879, 4.9925137, 3739, 4.879863, 1743, 4.724028, 385, 4.7071066
924, 1102, 5.0, 2773, 4.977907, 385, 4.8910923, 3410, 4.8888884, 841, 4.881007
925, 124, 4.6666665, 2813, 4.5, 2678, 4.305698, 669, 4.223991, 136, 4.1591973
926, 385, 6.5, 2773, 6.0886383, 3410, 5.9272084, 1563, 5.711065, 1879, 5.69867
927, 841, 5.576828, 136, 5.2252617, 746, 5.1666665, 722, 5.070408, 2824, 4.9722795
928, 681, 5.269752, 668, 5.164159, 3739, 5.139511, 649, 5.087278, 3816, 5.0521913
929, 2904, 4.825002, 668, 4.823457, 3739, 4.7964263, 3410, 4.790386, 1780, 4.7899947
930, 1780, 6.5, 1067, 4.7482424, 841, 4.6594396, 681, 4.5, 3415, 4.2721972
931, 3816, 4.8292403, 649, 4.7053795, 3410, 4.6598535, 1725, 4.632843, 668, 4.60202
932, 3371, 6.178026, 841, 6.0, 649, 5.7206674, 385, 5.5, 1341, 5.5
933, 746, 5.8926315, 3415, 5.3786798, 2523, 5.0, 2773, 4.9802294, 3371, 4.9526477
934, 3410, 4.7397914, 2773, 4.718938, 1111, 4.6580725, 3739, 4.6156025, 649, 4.530482
935, 2773, 5.333108, 3137, 5.0, 3410, 4.851178, 3816, 4.8351836, 3739, 4.746142
936, 136, 5.702496, 2773, 5.6686707, 1102, 5.0, 2981, 5.0, 3637, 4.9212565
937, 3410, 5.237208, 2773, 5.2053504, 1111, 5.1382494, 136, 5.1301994, 668, 5.097187
938, 3415, 6.5, 2773, 5.54968, 844, 5.445903, 1423, 5.445903, 670, 5.266737
939, 2773, 5.322761, 3410, 4.973718, 1879, 4.8560123, 668, 4.777133, 3447, 4.7767496
940, 2904, 5.2649593, 2773, 5.235594, 1743, 5.147708, 649, 5.113113, 1169, 5.1064773
941, 3223, 5.930219, 116, 5.6666665, 3637, 5.535534, 136, 5.5, 844, 5.5
942, 3737, 6.0, 1563, 5.540137, 1067, 5.5, 106, 5.5, 3339, 5.2574935
943, 841, 6.5, 1067, 5.371978, 304, 5.336656, 1546, 5.304376, 746, 5.2928934
944, 1743, 5.5512767, 2904, 5.3801413, 3816, 5.2358794, 3223, 5.1703086, 1725, 5.15591
945, 841, 5.223668, 1111, 4.743582, 3739, 4.6876154, 525, 4.6101036, 1546, 4.5967693
946, 649, 5.3480144, 2773, 5.334177, 1067, 5.2405343, 2678, 5.2262926, 3816, 5.1986938
947, 3310, 6.0, 1067, 5.3333335, 1002, 5.0, 2754, 5.0, 649, 4.826935
948, 2773, 4.7349377, 668, 4.6919503, 3739, 4.6431775, 3470, 4.61561, 670, 4.6087027
949, 1102, 6.0, 2773, 5.9474754, 3410, 5.7079015, 1780, 5.5, 1111, 5.4909043
950, 136, 6.5, 649, 5.909492, 2773, 5.6845627, 2129, 5.5, 961, 5.4060936
951, 3223, 6.5, 1563, 6.464466, 2129, 6.0, 1002, 6.0, 1879, 6.0
952, 2904, 5.25824, 3739, 5.1103716, 3371, 4.9328275, 2847, 4.8987904, 841, 4.8854523
953, 1780, 6.5, 2773, 5.7478585, 649, 5.60672, 3410, 5.5355372, 1563, 5.4215527
954, 1780, 5.1450996, 668, 4.575206, 2773, 4.5146666, 1563, 4.4786344, 3739, 4.459622
955, 681, 5.5, 841, 4.7872357, 3410, 4.7775183, 1111, 4.732573, 136, 4.71844
956, 681, 5.5, 136, 5.0321107, 3816, 4.8973308, 3410, 4.8657866, 3470, 4.742958
957, 3371, 5.1794176, 3739, 5.168408, 668, 5.138306, 3470, 5.1301465, 2904, 5.118761
958, 3816, 4.8382106, 2904, 4.7999115, 668, 4.684549, 2773, 4.682901, 681, 4.66299
959, 2773, 5.604666, 841, 5.5, 3410, 5.157191, 1563, 5.1186657, 1102, 5.0
960, 136, 5.443626, 1067, 5.0997996, 3816, 5.0678687, 668, 5.038273, 649, 5.0184884
961, 2773, 5.89541, 1743, 5.836422, 3038, 5.488764, 363, 5.4388695, 1725, 5.37421
962, 841, 6.0, 1879, 5.3715153, 1932, 5.314608, 3637, 5.237323, 1563, 5.0656247
963, 3739, 4.594803, 668, 4.5706444, 2935, 4.4918447, 363, 4.491445, 649, 4.486032
964, 1743, 5.230629, 649, 5.0640635, 668, 4.9502597, 3739, 4.9385147, 2830, 4.8952427
965, 1067, 5.2542577, 681, 5.1213202, 136, 4.99752, 2904, 4.7640996, 668, 4.745931
966, 3415, 5.369398, 649, 5.08554, 2904, 5.031309, 3637, 4.909441, 668, 4.858173
967, 167, 5.3876505, 1879, 5.3333335, 2773, 5.310273, 2904, 5.273459, 841, 5.1823063
968, 681, 5.5, 2904, 5.150663, 1879, 5.125585, 3371, 5.1028957, 3737, 5.0460334
969, 841, 6.0, 1341, 5.5, 3637, 5.4815784, 2756, 5.2071066, 1932, 5.1783977
970, 2773, 5.2149105, 124, 4.704892, 1067, 4.684178, 3739, 4.6636696, 136, 4.649881
971, 136, 5.2220254, 1067, 5.141359, 106, 5.0064607, 2773, 4.9281635, 649, 4.917805
972, 3410, 5.3069663, 3816, 5.2443857, 2773, 5.1602874, 649, 5.1513352, 3880, 5.0486717
973, 3415, 4.744512, 136, 4.664549, 3670, 4.5, 167, 4.3358808, 1423, 4.3344326
974, 1879, 5.126944, 1743, 4.794244, 136, 4.7737513, 2773, 4.726816, 2830, 4.6747584
975, 681, 4.460496, 2773, 4.3303366, 3816, 4.249885, 124, 4.2075825, 670, 4.1948314
976, 385, 6.0, 681, 5.5, 649, 5.1073685, 2981, 5.0, 2904, 5.0
977, 2773, 5.0811863, 1563, 5.0350046, 649, 4.6555424, 3816, 4.6530743, 3410, 4.638248
978, 116, 5.6860847, 3339, 5.6069465, 3775, 5.5739417, 3371, 5.5668054, 106, 5.5
979, 3183, 6.0, 385, 5.9142137, 2773, 5.88405, 1879, 5.13443, 167, 5.07114
980, 1657, 4.6512394, 2773, 4.632541, 3415, 4.495822, 841, 4.457698, 681, 4.445903
981, 649, 4.2200785, 136, 4.200111, 1002, 4.130677, 668, 4.085438, 3739, 4.0570493
982, 124, 5.5285954, 2773, 5.4517384, 136, 5.4209914, 668, 5.4124737, 3092, 5.3158593
983, 3410, 5.7843566, 3739, 5.4293694, 2847, 5.413605, 525, 5.3624783, 670, 5.348361
984, 681, 4.815301, 2773, 4.751822, 3739, 4.682893, 668, 4.652744, 1111, 4.6470313
985, 2773, 5.3359604, 1780, 5.213885, 136, 5.1769757, 1111, 5.113034, 3410, 5.0875645
986, 3677, 7.6666665, 1406, 6.5, 3567, 6.0019464, 116, 6.0, 2593, 6.0
987, 3410, 5.1301093, 3739, 5.0539947, 1111, 4.98985, 525, 4.964636, 3816, 4.9256115
988, 1780, 5.7928934, 3410, 5.0350084, 3944, 5.0, 136, 4.98107, 2904, 4.948322
989, 3410, 6.445903, 2635, 5.5, 1002, 5.5, 2652, 5.5, 1486, 5.5
990, 1780, 5.9530816, 2773, 4.6975465, 1111, 4.6697974, 841, 4.666169, 3739, 4.6523094
991, 3637, 5.2928934, 124, 5.1464467, 841, 5.0, 2773, 4.8333335, 2904, 4.693894
992, 3415, 5.815301, 2981, 5.5, 136, 5.5, 649, 5.0543, 3149, 5.0
993, 1067, 4.7540045, 2904, 4.630581, 1002, 4.451397, 136, 4.4504194, 106, 4.3722606
994, 1067, 6.118752, 2773, 5.3350224, 136, 5.150563, 1111, 5.1278906, 106, 5.1213202
995, 525, 5.584459, 1168, 5.5, 841, 5.5, 2904, 5.3943944, 2773, 5.2928934
996, 2773, 5.261906, 3410, 5.1865544, 1111, 5.115517, 841, 5.0561104, 668, 5.028368
997, 136, 5.684699, 2773, 5.6431456, 3410, 5.6309443, 3223, 5.554038, 385, 5.5
998, 3739, 5.0044513, 3371, 4.9190526, 2935, 4.875821, 841, 4.8205385, 2847, 4.820279
999, 1102, 6.0, 3410, 5.175076, 1780, 5.0, 2773, 4.803221, 1002, 4.6427283
1000, 385, 6.1601887, 2773, 5.9724708, 3410, 5.715958, 1879, 5.632806, 1111, 5.4268713
